500 5000
3 1652
1 2882
2 3946
4 1381
6 1099
5 345
1 2512
2 4382
2 2225
4 4159
4 1597
2 3555
4 4937
2 1391
4 1797
2 187
2 849
4 695
6 2581
1 457
3 632
1 614
2 380
1 959
1 182
2 3956
5 3991
1 1076
1 130
5 320
5 1278
5 3266
1 4618
1 16
1 782
1 3012
3 354
5 1240
4 3740
4 847
4 3477
6 4219
5 961
4 2700
6 2095
4 2621
2 299
4 377
2 3007
3 3205
4 872
4 1939
6 3329
3 4143
5 2926
1 1948
6 442
4 613
4 3795
4 71
6 1005
2 299
6 2169
5 55
6 4470
1 1089
1 2144
3 1756
3 4736
5 2462
1 4820
1 3816
2 1326
2 393
3 455
2 3190
6 105
2 943
4 549
1 1243
5 4802
4 4384
1 2755
4 4954
4 1101
5 1955
3 522
1 3488
4 2038
4 569
6 3151
6 1181
6 1811
6 985
4 3103
4 553
4 3743
4 3149
3 3171
2 3322
6 4477
2 2563
4 2001
1 4151
3 772
1 2370
3 4782
5 188
1 4672
3 1660
5 2314
1 1830
1 3028
3 3234
6 1984
2 563
1 2113
6 1504
6 1347
2 3465
3 583
4 3396
3 4959
5 1946
2 328
6 1723
4 2153
2 719
6 1285
2 51
4 809
6 1271
3 685
1 4792
3 3758
1 2916
5 1480
3 2798
6 3228
6 669
4 487
6 1517
1 3971
6 2546
4 4869
2 2195
1 1481
1 3424
4 4142
3 2775
2 4622
6 2921
4 2527
2 915
2 3055
2 2773
5 3035
5 1162
5 348
3 338
2 4224
4 43
5 2177
2 792
6 3827
5 809
4 2176
4 2267
4 3521
6 4207
1 3925
3 4820
2 2866
4 93
4 2047
6 2085
6 2155
6 4401
1 247
6 2254
1 2577
5 856
5 70
5 2468
1 4570
4 912
4 1531
4 1993
6 2903
3 4643
6 2826
5 2533
1 3492
1 146
3 4880
1 2038
4 3588
5 2823
1 4566
2 658
5 275
5 146
1 3160
4 4526
5 4801
3 2568
3 2638
5 1876
1 1674
5 2846
6 3204
6 1479
4 1781
6 1923
4 873
2 4911
3 4829
2 3924
4 1527
6 2581
6 3139
4 4161
5 3687
1 3598
1 260
6 4530
4 3565
5 4459
5 410
1 2544
6 2412
6 2751
4 109
2 4729
6 223
2 107
3 2553
1 1680
1 2574
4 916
6 2167
4 1205
6 3899
5 2401
3 4976
6 3726
4 3535
6 2267
2 2809
3 2335
1 3950
3 1884
6 4098
4 1637
1 2339
5 258
3 4448
2 614
6 3761
2 2863
6 301
6 955
3 3665
2 2968
2 2547
1 2489
1 550
6 3572
5 3407
1 398
3 3300
5 450
2 3032
2 779
2 2935
1 1629
1 2908
5 4546
4 128
4 3427
4 417
4 351
2 1757
3 163
3 888
4 3046
4 3617
3 2055
5 4878
5 3988
5 4172
5 1082
2 2928
5 67
6 1466
5 1485
5 4596
2 3746
2 805
2 859
2 2207
3 301
4 2668
6 2735
3 485
1 3620
3 962
3 2424
3 2286
1 4772
6 4130
4 4869
1 1747
5 4890
1 1526
3 4378
3 3752
6 3110
1 881
2 782
6 2375
5 1837
4 412
4 1719
6 2029
2 2889
2 4119
4 949
4 1635
6 4737
6 4959
6 2605
5 4251
3 4594
5 4960
6 2230
4 3405
1 4771
4 4098
4 37
6 3715
6 1569
3 607
2 3030
2 4833
5 3159
2 1758
4 2047
2 2397
4 2079
6 4855
4 4635
6 1623
4 3053
2 4627
2 4505
4 4799
5 3605
5 4332
3 4466
1 2630
1 4220
5 4608
1 4746
1 580
6 3194
5 1837
4 4236
6 4189
1 635
5 3578
1 2624
5 3708
3 622
5 716
1 2282
6 2704
2 2011
2 4001
4 1311
6 1261
4 3667
5 57
3 3544
5 4102
1 164
5 2738
5 3680
3 982
4 3228
4 3191
6 1545
2 3911
6 4133
4 2171
4 1569
1 4525
6 3244
1 4359
2 540
6 2685
6 3995
1 2585
6 4496
1 2315
6 3138
3 2629
6 3276
1 679
3 4638
5 3068
6 4754
4 2301
4 4491
3 945
1 4232
5 2270
6 1964
6 4535
2 4229
2 27
6 89
2 63
6 4021
1 4571
5 3202
2 1872
5 4827
5 2304
5 2526
3 4348
2 4954
4 3109
4 2211
2 361
4 2719
4 3083
3 2921
4 4542
4 1561
4 3685
1 1947
5 4906
3 1936
4 4758
5 4777
1 2040
3 2924
2 3114
2 2149
3 4139
1 4538
1 2864
1 2542
3 2124
5 2354
1 3744
3 654
3 4660
3 470
4 4828
6 4239
6 3509
2 2331
1 3121
4 1560
5 1227
5 258
4 4312
5 3347
1 960
5 2862
3 972
4 2674
6 4197
2 2443
4 1207
3 3749
5 4404
1 10
5 296
2 2942
6 2105
6 2639
4 4003
6 1465
5 455
3 4294
2 876
2 4735
3 4219
1 4178
3 4320
5 1126
1 4660
3 2482
5 1740
5 1570
1 3158
4 2564
