5000 500
6 475
1 253
3 64
3 230
3 40
6 174
6 201
6 407
6 185
4 259
1 473
2 292
1 399
3 246
4 228
4 83
3 495
3 172
5 332
3 278
3 344
1 66
3 236
5 378
5 42
1 112
5 306
5 76
4 440
4 275
6 101
2 447
3 493
4 408
3 3
5 98
3 132
4 62
1 175
4 66
2 29
4 403
1 117
3 36
3 186
5 416
5 422
3 8
5 230
1 328
1 222
2 80
2 239
1 185
5 52
5 490
5 396
1 206
4 412
4 323
5 149
1 472
3 78
1 364
5 102
6 52
1 303
4 286
2 203
1 265
5 148
5 294
3 220
2 66
6 233
6 117
4 67
1 41
3 340
2 366
3 59
5 220
6 478
2 497
5 215
3 110
2 52
6 367
4 437
4 247
2 205
4 125
4 63
2 81
2 195
6 23
4 109
6 63
1 1
3 398
6 380
6 151
2 461
2 27
4 77
5 31
1 430
6 192
2 127
6 101
4 255
4 487
1 457
5 96
5 106
1 180
1 104
1 178
3 250
6 234
6 5
4 43
6 101
4 385
2 131
1 277
4 344
4 375
2 237
4 263
6 257
1 27
1 126
1 256
5 210
4 136
1 87
6 446
3 357
3 480
6 2
2 57
2 359
6 401
2 467
2 435
1 105
1 48
2 462
6 53
5 495
3 454
4 100
4 439
4 93
6 159
2 141
1 263
3 374
1 392
5 270
5 72
2 54
4 157
2 383
6 317
1 143
3 358
1 92
3 418
5 248
6 470
2 35
6 193
5 211
6 430
6 169
6 251
6 25
5 367
5 282
6 168
2 375
4 37
2 359
4 261
1 43
4 62
2 401
2 17
6 71
2 311
4 25
6 227
1 105
5 60
5 462
6 140
6 427
6 245
6 159
1 461
5 208
5 10
3 56
4 12
6 115
1 445
4 112
2 31
6 161
1 403
5 178
1 228
1 22
2 296
4 347
2 85
4 63
6 9
2 249
3 347
5 386
1 316
6 110
6 245
2 127
3 257
1 200
6 370
6 467
2 337
2 347
1 269
5 36
3 442
5 80
6 112
4 479
6 177
4 351
3 361
2 284
6 211
6 389
4 39
5 133
1 468
3 378
6 180
4 51
6 31
2 9
5 123
4 394
4 341
2 355
6 213
4 111
3 265
3 304
1 390
5 176
5 354
6 496
3 225
1 40
3 278
1 288
3 62
1 292
3 410
4 480
6 5
4 427
3 169
6 460
6 247
6 5
2 211
6 249
5 331
4 424
5 379
5 482
5 124
3 244
1 214
2 404
3 273
1 428
5 380
2 110
4 465
2 311
6 459
4 225
4 403
1 497
5 208
1 254
2 398
4 445
4 355
1 53
4 368
2 467
6 193
6 193
2 283
2 237
1 441
3 484
1 328
5 144
1 206
6 340
5 7
1 306
1 364
3 434
5 500
3 134
5 372
3 214
2 20
4 395
6 273
1 355
1 338
5 284
1 164
1 482
5 264
6 238
6 361
4 147
2 161
6 39
6 491
2 197
6 143
4 137
3 107
1 222
5 368
4 410
6 77
2 463
2 477
2 131
2 405
4 279
6 233
1 179
6 442
4 317
4 475
2 125
5 95
6 330
4 201
5 419
4 58
3 73
3 248
4 78
4 277
6 307
2 217
2 435
4 81
6 463
5 73
6 436
2 459
3 25
3 124
5 262
1 320
3 290
5 180
3 386
5 28
1 226
5 484
5 486
3 234
6 336
1 183
3 362
2 20
2 427
6 425
4 487
4 435
6 67
1 157
1 176
2 302
5 161
1 192
3 418
5 48
5 94
1 316
2 134
6 269
3 459
2 246
2 297
5 455
3 446
6 356
5 455
1 134
5 486
1 384
3 406
1 42
1 482
5 348
5 414
2 404
1 107
5 34
3 92
2 490
6 149
6 311
1 469
1 432
3 292
6 326
6 241
6 243
1 63
6 22
6 239
2 113
2 271
4 45
5 107
1 318
4 336
4 291
1 449
6 124
2 335
1 369
1 458
3 404
5 170
3 220
3 266
1 484
1 18
3 348
5 186
3 30
1 160
1 4
5 154
1 412
1 466
1 120
5 434
2 336
5 283
1 218
2 204
3 207
3 48
3 450
1 344
3 182
3 92
3 42
5 344
5 282
3 168
3 314
5 456
5 398
3 176
6 438
2 285
2 123
2 157
6 47
4 477
2 343
3 29
1 290
3 288
6 74
6 135
5 209
5 160
5 66
1 360
3 456
1 288
4 266
4 125
2 307
4 89
2 39
6 357
2 287
5 417
3 72
2 152
3 319
1 362
3 248
4 174
3 131
6 358
2 417
6 37
1 463
4 64
6 291
6 41
6 309
2 113
2 191
2 73
2 295
6 409
6 151
4 441
6 303
6 271
5 11
4 38
3 201
5 260
5 126
5 436
2 170
1 45
5 46
2 420
4 425
6 211
2 461
4 495
1 21
5 416
2 258
1 33
2 292
3 483
1 478
4 388
6 15
2 425
1 95
4 354
5 73
3 32
5 58
3 110
1 80
2 302
6 421
4 291
4 445
6 135
6 33
4 319
6 219
2 473
6 419
6 21
4 115
6 389
4 363
5 73
5 288
2 352
1 277
3 310
1 400
1 260
1 450
1 448
1 454
3 140
4 310
4 297
2 207
4 209
4 447
4 89
2 495
3 153
3 386
4 140
4 7
4 429
1 47
1 58
1 392
5 66
3 432
3 310
4 260
6 463
3 247
4 394
3 407
2 390
6 109
4 355
2 377
4 439
5 133
5 212
4 310
1 373
1 286
1 496
3 430
6 220
6 107
2 177
4 279
1 297
1 348
5 242
2 190
6 317
2 283
2 61
2 69
2 31
4 273
6 295
6 325
6 391
2 173
1 335
3 182
3 244
4 218
2 313
2 395
4 117
6 429
6 463
4 5
2 175
2 335
4 237
3 275
1 140
5 214
5 312
3 34
5 312
4 38
2 347
4 369
2 467
2 429
4 99
6 317
6 139
4 9
6 45
6 367
2 25
6 31
6 273
4 347
4 151
3 281
1 116
5 94
1 212
6 82
2 429
2 39
4 273
6 179
4 117
2 383
2 205
3 47
1 318
3 356
3 202
1 480
5 414
5 436
6 76
1 3
5 198
5 22
3 132
3 294
1 484
2 86
2 237
4 479
6 121
6 401
5 355
5 118
6 192
2 335
6 197
4 319
6 49
6 351
1 361
6 392
4 249
4 51
2 373
2 119
6 101
1 9
1 124
3 330
2 160
6 465
3 1
3 284
3 354
3 406
1 200
5 394
5 216
5 118
1 76
5 420
1 434
3 332
3 290
1 456
1 334
3 92
1 160
3 90
3 28
4 118
2 133
6 99
1 453
5 212
3 182
2 148
6 191
2 193
6 261
5 171
3 154
3 188
4 430
2 437
4 51
1 341
3 176
1 230
2 256
3 399
5 190
3 352
4 350
4 89
4 171
6 337
1 223
1 124
3 410
5 96
2 410
2 75
2 421
6 259
2 223
4 365
5 219
4 10
4 261
6 495
2 365
2 93
2 63
2 349
2 179
4 269
1 435
6 382
6 81
2 27
1 321
6 500
5 211
6 14
4 309
2 327
4 465
2 471
1 181
1 400
5 114
2 408
4 147
5 45
1 224
1 106
5 168
4 28
6 467
4 53
1 403
3 434
5 144
5 112
1 306
1 364
1 98
3 472
1 382
2 156
6 43
6 317
4 63
2 489
4 183
5 9
5 448
5 130
5 286
3 172
3 82
3 120
2 166
3 481
3 338
5 204
6 418
6 117
2 351
6 113
6 477
2 31
3 29
4 412
6 95
5 349
3 104
3 46
1 292
3 338
3 30
5 380
1 222
5 72
5 428
1 34
3 92
3 498
3 180
4 110
4 429
4 31
6 73
1 363
6 250
2 29
2 303
4 149
2 107
6 325
5 283
6 322
1 335
1 480
6 434
4 49
3 495
5 282
1 304
5 370
5 364
5 246
1 288
5 38
6 92
4 483
2 341
4 11
3 203
2 58
3 413
5 216
6 484
2 279
4 111
1 309
1 340
6 268
2 391
6 185
1 339
2 346
4 21
6 255
3 189
5 492
3 442
5 212
5 186
3 224
1 418
3 280
5 338
1 120
3 446
4 304
6 495
4 485
6 287
4 13
1 223
1 286
1 64
5 190
1 428
3 408
1 122
5 98
3 452
1 118
1 108
6 10
6 97
4 75
2 169
3 463
3 92
5 14
3 20
6 290
4 469
2 163
3 409
5 252
4 62
4 309
5 23
3 466
5 296
3 270
3 90
3 380
1 440
4 210
5 225
5 452
1 348
1 194
3 496
4 48
4 479
6 221
2 79
2 451
4 401
2 195
4 289
1 299
6 274
1 429
3 88
5 446
3 436
3 86
1 210
1 352
1 70
3 332
1 10
1 168
1 462
3 454
3 256
3 354
5 344
1 130
5 366
5 192
5 22
5 340
1 490
1 12
6 470
5 473
1 320
1 6
3 52
3 26
1 84
5 14
3 24
2 174
3 281
1 492
1 238
3 396
1 462
5 356
5 252
1 118
3 380
5 310
1 252
2 146
6 245
6 187
3 445
3 200
1 414
2 76
6 403
6 481
4 311
1 465
6 500
2 487
2 391
2 469
6 275
4 153
4 133
4 71
5 57
3 92
4 358
2 119
2 97
4 223
6 381
5 351
5 282
4 206
3 117
3 326
1 476
1 190
1 194
6 80
4 115
4 377
2 179
4 337
5 19
4 434
1 429
5 334
1 460
5 442
1 356
2 398
4 317
2 139
2 341
2 215
2 177
6 479
5 437
4 274
6 233
2 215
4 469
1 67
1 66
5 96
5 54
5 500
5 66
5 156
3 294
5 136
1 210
3 120
1 22
5 408
2 214
4 397
3 397
6 168
2 11
6 149
4 211
1 425
2 376
3 475
3 368
1 230
3 192
5 334
3 284
5 292
1 498
5 428
5 218
5 408
6 230
5 115
5 310
1 30
1 200
2 6
5 89
3 480
2 482
2 409
4 323
4 489
1 119
6 358
3 21
6 116
1 311
3 398
1 328
5 466
6 236
2 101
2 11
4 385
6 199
3 445
1 468
1 170
5 224
3 368
5 374
5 344
6 342
3 277
6 492
6 211
2 333
2 219
5 281
5 472
3 166
1 112
5 82
1 138
4 428
4 347
3 285
3 112
3 198
5 332
1 174
1 192
5 302
5 260
3 158
1 444
5 174
3 188
5 344
5 270
2 360
2 189
1 359
6 2
6 365
4 211
6 201
6 177
6 119
6 145
6 271
4 443
2 333
2 309
2 497
3 59
3 158
3 92
6 210
4 429
4 451
4 269
5 343
6 482
2 185
4 167
2 333
6 279
5 153
1 478
1 32
2 446
6 7
2 433
1 423
6 318
1 105
1 284
4 106
3 461
4 400
2 291
2 413
6 231
4 265
4 91
4 373
6 399
2 369
6 111
5 417
3 448
2 314
5 69
3 440
1 180
5 174
1 264
2 438
2 65
4 187
4 389
1 431
4 374
6 273
5 187
3 148
2 18
4 133
1 87
6 278
3 483
3 262
5 72
3 130
2 4
4 231
2 295
6 373
6 275
4 177
6 419
4 193
2 407
1 477
2 468
4 439
5 113
4 244
2 147
4 305
6 125
4 55
2 473
2 431
6 21
6 291
2 377
4 451
5 421
5 120
3 150
1 48
2 350
3 309
6 420
5 27
4 314
2 153
2 479
4 249
2 103
4 249
4 379
4 421
5 119
6 318
3 337
1 440
3 266
3 272
2 246
4 149
5 307
4 150
1 443
1 438
1 332
3 18
6 252
5 59
5 152
3 38
1 16
5 454
5 140
1 398
3 492
5 86
3 500
5 222
5 192
6 326
6 45
6 195
3 169
5 492
4 378
2 103
6 165
1 211
3 314
3 152
1 284
4 310
5 497
2 480
2 259
1 173
1 156
4 210
6 91
6 413
6 151
2 93
5 207
6 414
6 221
2 157
2 39
6 113
4 339
2 61
6 151
2 461
3 131
1 248
1 402
6 126
5 141
1 356
1 464
1 246
1 140
5 342
3 148
3 38
3 442
5 36
6 378
4 195
2 37
6 355
3 101
5 160
3 342
5 184
5 410
3 436
3 348
1 202
3 148
5 284
6 190
6 489
2 499
4 57
6 211
3 307
5 2
1 108
1 362
3 490
1 84
1 494
5 480
3 358
3 86
5 280
1 114
1 388
6 402
6 445
6 495
2 469
2 355
5 229
6 364
1 455
5 26
1 398
3 412
5 462
3 56
4 334
4 449
3 367
4 426
1 105
3 380
6 152
6 51
5 217
5 166
3 122
6 160
2 325
4 463
6 83
1 345
5 56
1 462
3 408
2 462
4 289
4 143
4 225
1 197
1 484
5 130
3 348
5 206
1 102
4 492
2 291
2 327
4 229
4 201
6 155
2 115
5 493
1 48
3 214
1 240
6 94
4 389
6 195
4 421
5 261
4 348
3 75
3 462
2 72
6 247
5 377
1 222
3 436
5 66
1 452
5 470
2 418
4 421
4 99
4 433
2 79
6 373
1 179
1 478
5 256
3 326
5 452
1 316
1 322
1 488
5 406
3 4
1 144
5 214
5 442
4 168
5 415
5 414
1 88
3 302
4 456
3 359
5 228
3 46
5 264
2 350
6 301
6 423
4 55
6 101
2 455
3 33
4 336
4 207
2 13
2 445
4 337
6 155
5 77
1 50
3 68
6 90
6 45
2 221
2 323
2 481
4 71
2 445
1 175
6 102
1 373
3 468
3 206
5 224
3 146
5 292
5 140
6 312
4 245
2 27
4 297
6 191
4 245
3 195
5 32
1 58
1 212
5 16
5 48
5 484
3 110
5 116
5 194
3 192
4 118
2 129
6 383
1 387
5 254
3 344
3 162
5 448
3 358
4 140
3 107
5 386
3 124
3 298
1 164
3 158
6 224
6 107
2 29
6 111
1 441
6 216
6 363
6 189
2 475
4 65
5 99
4 98
2 189
3 103
5 342
2 224
4 195
2 405
6 295
6 393
1 483
4 18
4 289
6 71
1 45
2 134
6 153
6 391
6 277
4 67
2 419
2 9
1 275
3 66
3 168
1 178
5 160
1 306
3 128
1 16
1 52
3 430
5 280
5 214
1 288
2 442
2 349
3 43
3 206
3 178
5 196
3 414
5 408
3 230
1 210
1 68
5 82
3 22
6 388
2 171
2 37
3 307
4 2
2 37
6 39
6 27
3 449
1 124
2 310
6 425
6 489
6 435
1 365
4 268
4 299
6 421
4 227
6 153
6 383
6 481
6 455
5 291
5 96
1 374
3 484
3 90
5 92
1 18
5 212
1 38
3 200
6 474
4 25
2 395
2 287
5 493
1 360
1 44
5 306
3 270
6 460
1 171
3 342
1 92
2 154
1 357
5 144
4 258
4 193
2 119
4 381
2 307
6 105
6 103
3 217
5 192
1 410
1 16
1 240
2 54
1 229
5 32
3 402
5 304
6 390
2 89
6 215
2 213
1 395
3 282
3 412
5 354
4 240
4 83
6 85
2 155
2 457
4 35
2 477
4 447
5 153
6 180
6 451
6 25
6 307
5 405
1 444
3 14
6 452
1 499
6 22
2 293
4 215
4 91
5 13
3 350
4 378
5 89
3 12
4 242
4 473
4 99
1 161
5 408
3 378
1 152
1 322
5 280
5 398
5 276
1 118
6 288
2 367
4 393
1 115
6 214
1 153
5 4
5 318
3 348
5 118
1 80
1 46
4 60
6 91
6 193
6 371
2 59
2 145
4 239
2 401
4 7
1 161
5 384
5 10
6 458
2 353
4 55
6 449
2 191
5 357
5 60
3 54
3 76
3 154
1 312
5 138
1 190
5 320
4 434
1 123
2 236
4 201
2 59
3 341
1 324
3 126
6 328
2 307
2 233
4 159
4 209
2 363
2 59
2 13
2 287
5 211
5 154
3 472
5 378
6 2
3 33
3 300
3 194
5 172
4 148
6 491
5 341
3 300
3 422
4 38
6 413
6 459
1 77
5 248
5 214
4 156
3 451
2 110
2 53
6 267
4 439
4 237
1 423
5 294
5 228
3 138
2 120
4 139
5 283
2 302
4 481
2 35
6 347
4 469
6 119
4 69
2 399
4 189
2 171
6 177
4 183
4 473
6 407
4 289
1 27
3 130
3 204
4 198
1 335
1 190
4 356
4 379
6 165
5 183
2 318
4 37
4 139
6 93
1 51
3 170
1 80
2 256
4 199
4 253
2 211
4 437
2 499
6 421
1 467
1 458
5 198
3 426
3 472
2 46
2 211
4 113
6 203
6 129
6 335
1 141
5 56
1 370
5 360
4 492
6 13
6 171
6 43
2 65
1 113
3 480
5 470
3 124
1 42
1 336
3 318
3 138
6 170
3 67
1 378
6 56
4 85
3 145
4 316
6 167
5 289
5 268
3 60
2 382
2 161
2 23
2 289
2 285
1 299
3 278
6 12
4 389
4 339
4 341
1 335
5 482
3 92
5 246
1 82
4 480
4 231
1 293
1 380
1 294
1 172
1 274
1 476
5 434
3 60
5 358
1 356
2 10
6 305
4 55
3 39
3 474
5 180
3 398
6 252
2 99
3 185
3 34
3 32
1 26
1 484
4 350
6 397
4 287
3 433
4 126
2 205
4 341
2 55
5 229
5 400
2 302
2 201
4 53
6 319
1 261
1 212
4 450
2 317
2 203
5 389
2 448
2 315
3 445
5 298
3 344
5 402
1 200
3 206
3 52
5 262
1 272
5 450
2 296
5 71
4 382
6 297
4 431
4 201
6 219
4 213
1 451
1 336
3 344
1 418
3 476
3 492
1 60
3 202
1 288
2 450
2 149
3 483
4 266
4 179
3 377
3 414
1 174
6 336
6 299
4 123
5 481
1 476
2 288
4 3
2 373
6 7
1 75
1 8
3 178
5 364
3 478
1 356
1 62
4 362
3 399
5 486
1 16
5 22
1 120
3 406
1 364
4 434
5 297
5 408
1 466
2 60
4 269
6 365
3 363
1 362
5 364
1 98
5 8
5 358
1 104
2 112
4 163
2 365
6 369
2 205
4 457
5 179
5 394
3 368
3 26
3 192
4 2
3 1
5 196
3 246
1 32
5 426
5 442
6 412
6 179
5 285
1 420
1 426
1 356
2 74
2 381
2 241
2 223
2 209
6 199
4 481
5 151
2 14
4 305
6 371
1 295
6 242
3 417
1 96
3 262
5 280
3 366
6 480
1 19
3 462
1 196
3 382
4 460
4 201
4 495
3 429
5 188
5 14
5 104
3 458
3 312
1 262
3 392
3 470
1 166
1 324
1 382
3 184
5 50
1 260
5 398
5 72
2 482
2 353
4 439
5 69
5 476
4 26
4 161
5 443
2 448
4 499
5 9
3 40
5 464
6 54
3 445
6 52
6 499
1 69
3 416
2 34
6 457
6 343
4 257
2 359
2 281
2 341
6 5
5 219
3 396
1 242
3 356
5 438
2 264
5 423
5 498
6 364
4 251
6 293
1 263
1 340
3 46
4 420
6 259
1 267
1 454
1 372
5 466
3 84
5 110
2 24
4 191
5 465
6 218
5 205
1 216
3 366
1 372
3 498
3 10
2 116
1 283
5 170
5 388
2 410
4 201
3 191
1 130
3 292
3 130
5 108
3 250
3 160
4 274
4 245
1 359
1 286
3 268
6 210
4 177
1 471
1 252
4 210
3 89
3 372
1 238
5 248
3 262
4 464
6 7
2 131
1 117
1 64
2 234
4 331
1 125
1 164
6 470
6 491
6 185
2 131
3 483
3 186
5 88
5 166
6 260
3 379
1 394
6 214
4 97
4 299
2 405
2 307
1 333
1 88
3 10
5 272
5 150
2 24
1 295
1 378
1 392
2 138
4 213
5 271
5 188
1 318
5 192
5 38
3 282
4 360
2 197
4 3
4 273
6 435
4 413
6 463
4 457
3 127
1 150
2 296
5 123
1 482
5 152
1 138
1 36
4 494
5 221
1 472
1 182
6 266
4 405
6 123
2 43
2 441
6 39
6 445
4 335
3 485
5 468
6 86
4 285
1 315
5 424
4 278
4 377
6 495
6 233
6 351
4 129
1 247
4 366
5 447
6 122
4 13
2 331
4 257
6 47
6 341
3 151
5 166
6 196
4 487
6 361
6 115
4 463
6 137
5 25
3 436
1 490
2 456
3 211
3 466
1 306
5 468
5 154
6 172
5 83
3 34
1 500
3 318
1 36
1 78
3 48
3 254
3 96
6 354
5 417
5 420
3 174
3 288
5 398
3 404
1 398
5 436
5 150
1 484
1 374
2 490
4 85
4 115
2 281
1 231
4 286
2 349
4 291
3 353
5 484
5 210
6 288
4 299
3 345
6 188
4 135
2 305
4 179
3 13
1 416
4 182
4 117
6 113
4 447
4 281
2 307
2 229
3 359
1 58
6 498
4 33
1 47
4 250
4 95
2 349
3 139
6 348
5 421
5 38
3 184
5 260
5 202
3 200
5 422
3 14
3 236
4 380
6 471
1 11
1 342
1 250
3 428
5 70
5 28
2 466
1 347
5 182
5 436
6 330
4 377
2 391
2 357
4 379
4 67
4 413
3 423
6 366
6 17
1 439
1 374
3 310
4 412
3 379
2 238
3 161
5 108
2 270
2 353
2 93
6 403
6 235
5 361
3 16
5 210
6 8
6 455
3 473
1 216
1 346
2 472
6 43
6 25
6 419
6 185
4 283
6 173
2 123
4 397
4 143
6 305
4 451
1 289
3 264
6 178
4 141
4 227
1 287
1 98
5 64
3 354
4 102
3 101
1 128
3 322
2 96
1 35
5 458
3 140
1 134
5 436
5 142
3 24
5 254
1 220
6 162
2 97
1 343
2 456
2 287
4 385
4 7
4 155
4 373
6 119
2 147
5 245
1 120
4 382
5 185
5 414
6 240
2 187
3 181
1 456
5 174
3 292
1 86
2 388
3 15
5 202
1 420
6 274
2 421
1 311
1 58
5 98
5 256
5 434
4 336
6 51
4 441
2 59
2 193
2 71
2 81
6 231
2 457
6 435
4 277
6 77
4 63
6 445
2 103
4 255
6 5
3 297
3 138
2 336
4 87
4 429
2 379
4 317
4 51
6 197
5 227
5 280
5 370
5 296
5 216
3 296
5 70
1 374
3 80
2 118
2 419
2 471
6 201
5 191
6 188
5 163
3 382
5 68
5 294
4 344
4 117
6 183
6 89
6 55
4 237
3 31
1 334
6 354
1 233
1 186
4 480
6 499
5 263
1 394
3 324
4 16
6 245
4 487
2 69
4 335
1 197
1 492
5 426
6 426
5 341
4 208
2 263
6 397
2 323
3 293
2 274
6 265
4 275
5 41
3 356
4 214
5 81
6 470
2 41
4 23
2 35
6 113
2 119
4 45
2 55
5 325
5 164
4 380
5 237
6 168
1 115
2 186
6 461
1 19
1 376
3 122
5 164
3 178
1 82
1 200
3 166
1 320
1 474
3 132
4 58
4 129
3 253
1 304
5 210
1 148
5 424
3 476
2 470
1 121
3 252
5 354
3 16
1 162
1 216
4 316
5 211
5 490
5 228
5 222
3 106
2 336
1 79
5 114
3 20
4 294
5 381
5 392
5 386
3 208
3 416
4 306
2 181
1 263
3 394
4 278
4 93
4 345
1 391
1 286
4 328
4 195
2 401
6 239
6 89
4 371
6 37
4 475
5 293
3 492
1 454
2 500
6 111
4 13
6 71
2 309
2 67
1 149
1 342
1 432
3 220
5 458
4 232
2 379
4 61
6 479
3 199
3 258
3 284
6 122
5 377
6 14
6 467
6 349
6 283
4 61
6 107
6 367
2 495
2 13
6 271
4 449
2 171
2 213
6 459
3 57
3 406
3 272
3 306
4 424
5 137
2 442
4 17
2 335
6 283
6 73
4 355
2 329
2 255
6 289
5 171
3 214
6 8
6 87
2 381
4 255
6 299
1 417
6 172
2 439
6 467
4 445
2 495
4 437
1 451
5 312
1 170
3 52
4 406
2 429
4 19
5 173
3 96
1 30
6 184
2 241
5 115
1 98
5 404
3 378
3 440
1 468
3 350
1 144
6 196
6 271
4 121
3 389
3 400
5 256
3 394
3 140
1 164
5 202
3 446
5 304
2 6
6 177
6 7
5 201
3 224
3 410
1 212
1 80
5 356
1 370
3 426
2 344
2 171
6 321
1 457
3 152
5 174
4 328
2 251
6 385
2 231
2 267
1 295
1 460
4 42
2 327
2 365
2 351
3 425
3 270
5 184
5 450
5 436
5 348
6 272
4 311
6 373
5 55
1 38
1 480
5 92
1 230
3 480
3 30
4 14
4 493
2 439
6 229
2 287
2 197
6 323
4 229
3 123
5 250
2 56
1 135
3 366
3 282
1 88
3 472
5 466
5 120
2 106
4 129
3 405
1 48
6 374
4 453
1 339
2 390
2 297
4 321
6 179
5 153
1 328
3 50
1 300
1 456
6 100
6 39
2 381
5 3
3 390
2 300
1 87
4 286
6 41
1 299
1 140
5 78
1 204
1 174
5 72
4 322
4 137
5 123
2 304
6 195
2 109
4 347
6 197
6 171
4 1
1 259
5 226
4 500
4 135
6 369
3 59
1 274
5 308
6 224
2 53
2 447
4 297
4 383
4 289
3 387
5 466
1 248
3 334
1 216
1 376
5 382
3 44
1 166
2 228
6 183
2 9
2 279
4 357
3 143
5 454
5 212
3 190
3 180
1 72
3 46
4 108
6 375
5 121
2 260
3 43
2 18
2 5
5 179
5 194
6 264
2 47
2 11
4 241
1 499
3 322
1 58
6 500
3 159
1 350
2 442
3 21
2 224
2 235
2 213
6 267
2 89
3 299
4 142
2 331
2 273
2 211
1 89
3 224
2 498
6 95
2 153
6 407
2 245
2 83
4 61
3 171
1 36
2 74
6 153
1 71
1 274
4 150
2 265
4 283
2 337
5 107
5 474
2 116
1 447
3 442
2 472
3 375
2 454
6 13
4 377
2 299
2 481
1 287
1 400
3 342
1 164
6 48
6 351
2 209
5 439
6 92
3 479
5 366
6 288
5 465
6 124
4 115
1 209
3 320
6 186
5 185
5 308
1 418
3 244
3 178
1 500
5 90
2 208
4 131
6 381
1 259
3 434
4 424
5 7
5 110
1 20
1 82
3 194
1 4
1 390
3 396
2 66
6 209
6 311
4 315
2 221
6 353
3 249
3 92
1 74
3 472
6 10
5 87
5 334
3 200
3 80
1 354
5 332
3 498
2 308
6 31
6 33
2 279
4 277
4 203
4 233
2 99
1 409
6 428
1 287
1 58
1 288
6 174
5 493
3 136
3 330
3 244
2 226
6 265
6 491
4 65
2 47
6 301
5 427
5 2
4 248
2 493
6 343
2 109
4 423
5 189
1 404
1 346
1 478
4 484
6 465
5 227
4 144
2 391
4 33
6 95
4 185
4 297
4 259
4 285
2 57
2 451
1 287
3 222
5 42
3 268
5 452
1 180
4 78
2 145
4 275
2 259
1 185
6 488
2 251
1 113
3 12
6 42
5 499
1 342
5 40
3 462
1 446
5 392
1 342
1 252
3 290
5 128
2 326
4 493
6 221
3 459
5 100
4 278
2 9
6 285
6 431
5 29
2 82
1 221
3 118
3 496
4 308
3 279
1 114
6 408
2 207
1 213
2 288
5 243
6 454
4 233
6 415
4 109
6 459
2 369
6 431
6 265
6 15
4 9
6 403
4 197
2 145
5 347
2 122
5 93
6 204
1 199
5 142
2 168
6 59
6 57
6 419
3 9
2 286
6 317
6 27
6 425
2 23
3 5
3 380
3 230
2 422
4 325
2 489
2 197
4 163
6 137
2 203
6 225
2 51
5 493
6 234
2 313
6 67
6 469
2 419
3 5
3 384
3 182
3 484
1 288
1 62
6 24
5 79
1 298
3 12
6 454
1 349
1 444
4 216
5 283
1 62
3 300
5 410
5 170
1 288
5 466
5 12
5 10
3 480
4 358
2 189
2 405
6 475
1 297
3 236
3 434
3 100
3 286
1 140
4 380
2 139
1 249
6 132
2 371
3 177
3 304
4 398
6 261
2 175
6 165
2 371
1 241
1 8
1 58
5 112
1 90
2 492
6 437
6 291
2 193
3 479
2 474
2 259
2 329
2 203
4 381
2 483
3 277
5 292
3 26
3 314
6 88
4 169
2 467
1 345
5 128
5 162
3 380
1 228
5 426
5 32
5 106
1 264
5 414
1 372
3 200
3 282
3 432
1 322
2 420
6 395
1 173
5 436
6 338
2 165
1 227
5 190
2 54
6 221
1 471
4 482
4 89
2 215
3 209
3 452
3 34
1 32
2 42
2 333
4 319
6 337
4 483
5 181
2 112
2 3
3 475
3 466
5 244
5 490
6 444
4 355
2 373
4 115
2 401
4 75
3 121
1 92
3 240
6 366
6 481
6 381
2 277
4 375
4 389
6 299
2 313
2 295
6 417
2 35
4 109
2 191
3 173
3 48
2 334
4 145
5 499
2 98
6 229
4 283
4 225
4 135
3 173
3 134
4 388
6 207
6 125
5 35
5 380
5 494
3 268
3 178
2 168
4 321
1 487
1 306
5 472
1 206
2 216
5 119
5 342
6 234
4 341
1 391
2 98
4 427
6 181
4 295
2 113
4 291
3 373
2 328
6 91
6 233
6 441
4 111
6 397
5 267
5 270
1 164
2 478
4 137
4 359
4 37
5 159
1 306
3 180
3 326
3 128
1 102
5 480
1 286
1 156
5 222
4 408
6 195
5 335
4 202
6 271
2 325
6 335
2 177
3 423
3 282
1 334
4 76
4 447
6 199
4 31
3 435
5 42
6 344
2 339
4 49
6 163
3 21
5 198
5 300
1 458
1 280
6 410
5 427
1 234
1 492
3 470
1 36
5 282
4 24
1 91
3 220
1 358
1 352
2 200
3 367
1 466
3 488
5 326
2 156
4 383
5 105
5 368
6 406
6 241
3 469
3 492
5 176
3 378
2 488
6 43
4 169
6 89
3 363
5 466
5 142
3 240
5 246
3 462
5 22
5 8
5 420
2 336
1 459
4 214
4 465
5 271
3 314
5 476
2 86
6 493
5 87
5 6
1 24
2 250
6 385
6 271
2 333
2 499
3 53
6 146
6 265
4 423
2 257
6 215
3 465
1 172
1 396
2 490
5 293
4 232
2 41
6 483
6 377
6 291
6 281
4 335
6 57
4 155
4 253
4 63
2 141
6 239
2 329
4 319
6 353
4 309
4 51
6 321
6 121
2 307
1 481
2 484
3 247
5 130
4 482
2 309
1 323
4 278
2 389
5 499
5 370
3 292
1 238
1 212
5 254
3 88
4 178
6 341
4 477
6 127
6 413
6 179
3 149
3 468
1 228
3 2
2 96
2 371
4 349
6 127
4 21
6 379
4 183
5 285
1 452
1 230
4 196
2 477
4 75
4 331
6 147
1 321
3 42
3 234
5 344
3 142
6 72
6 463
3 97
4 494
4 29
4 87
2 217
6 423
5 379
1 430
6 208
2 75
3 457
2 308
2 111
4 431
6 437
5 393
1 420
1 78
3 60
5 338
1 302
5 474
4 72
6 195
3 235
2 42
2 333
4 355
2 265
2 107
2 133
2 471
4 397
4 251
6 25
3 489
1 24
3 438
2 448
2 495
5 169
5 228
3 190
1 240
5 166
6 44
6 399
4 205
6 247
6 265
1 261
5 12
1 238
3 84
3 470
5 128
1 86
3 100
1 334
6 44
4 379
6 125
6 207
1 109
3 296
1 234
3 232
1 306
5 98
2 60
1 187
3 388
1 358
1 172
3 178
1 200
4 86
6 225
6 175
4 309
4 375
4 61
5 139
2 178
6 327
4 71
6 441
2 203
2 173
6 303
2 93
5 155
6 490
4 393
6 103
5 109
3 166
3 142
6 386
5 321
1 284
5 14
6 260
6 287
2 243
6 149
1 355
3 494
2 152
6 339
6 301
2 15
6 289
2 15
2 169
2 3
6 173
6 407
5 401
2 260
1 141
5 372
3 382
6 420
4 199
4 239
4 241
4 31
5 453
2 460
4 391
5 133
6 388
2 369
5 67
1 394
5 400
1 326
1 112
6 326
6 243
4 133
2 99
4 439
3 337
1 464
2 342
4 329
6 243
4 483
2 245
4 47
6 385
2 407
4 269
4 163
2 337
2 455
5 485
5 372
3 252
5 90
6 412
2 251
1 457
4 124
4 51
6 253
6 7
2 181
5 67
1 84
3 330
1 282
3 180
1 390
6 52
6 259
4 5
2 119
4 9
4 331
2 129
2 395
6 157
2 3
1 117
5 248
2 148
4 151
1 277
6 406
5 47
3 138
3 500
5 386
5 376
1 322
3 4
5 8
5 386
3 76
5 254
3 212
3 54
4 440
4 247
6 285
1 163
1 42
5 436
1 356
6 278
3 11
5 394
5 156
6 278
6 381
4 459
4 461
5 377
5 320
4 78
6 17
2 163
2 65
2 459
2 257
6 67
5 91
6 242
6 349
6 189
4 361
6 59
6 465
4 319
2 5
3 483
2 58
6 77
3 187
5 310
4 324
1 287
6 130
4 21
6 351
6 381
2 19
6 225
4 63
4 429
5 403
5 118
1 228
2 26
4 437
2 265
1 151
1 390
3 294
1 160
4 422
4 73
4 417
5 79
3 240
2 134
6 197
5 263
4 268
2 471
2 149
5 495
5 234
4 84
2 451
4 249
6 251
6 493
6 275
6 125
2 417
2 167
2 89
2 3
3 161
4 488
1 95
6 38
1 297
3 128
1 188
3 214
5 396
5 486
2 200
3 143
5 174
2 132
5 171
5 174
1 108
5 138
3 4
1 226
4 140
4 403
3 165
2 420
4 77
4 71
5 85
1 132
1 122
1 140
5 414
3 140
1 478
2 4
2 263
3 409
6 100
2 461
4 279
2 169
4 467
6 49
2 319
6 221
1 81
5 256
5 390
6 316
5 71
5 232
3 150
5 18
5 424
5 374
6 192
4 319
6 13
2 483
2 445
1 211
3 258
3 416
3 134
6 430
6 473
2 485
4 315
6 357
6 307
6 325
2 403
4 29
6 129
4 135
4 489
4 133
6 451
4 315
1 333
5 418
6 340
1 357
5 280
1 462
5 276
2 246
6 33
4 415
6 279
4 357
1 107
4 234
6 329
4 201
2 203
4 37
1 243
1 14
5 240
3 34
5 292
2 122
4 15
4 61
1 95
5 206
4 336
2 111
6 221
1 169
4 240
6 239
3 133
6 168
2 387
5 53
6 172
2 215
4 297
5 99
1 354
1 84
3 482
3 112
1 400
3 158
4 96
1 355
3 474
5 96
3 122
5 112
3 126
3 164
2 230
6 325
2 371
4 295
2 135
2 463
6 333
1 75
2 66
2 285
4 429
4 411
6 277
3 375
6 368
4 399
6 125
2 27
6 301
1 347
5 230
2 472
1 71
1 6
5 408
4 322
2 49
6 27
2 177
2 403
1 119
1 494
2 110
6 185
6 55
1 461
6 244
3 279
1 94
4 16
1 185
3 300
3 218
5 24
1 190
2 312
4 101
4 429
4 263
4 49
2 235
4 475
2 71
6 381
5 151
2 294
2 97
5 83
3 482
5 116
1 418
4 288
6 335
4 125
1 19
2 334
3 233
1 312
4 474
2 273
5 399
3 354
5 54
3 424
1 414
1 392
6 356
1 275
5 474
5 236
1 30
1 410
5 424
3 370
5 278
2 166
1 101
5 208
2 462
2 489
6 399
5 467
2 330
2 377
4 19
1 217
1 196
3 344
5 74
5 428
1 376
6 182
4 237
6 43
4 437
6 487
5 421
1 190
2 308
2 331
5 485
1 450
6 424
6 187
6 341
6 331
2 277
2 67
4 11
5 165
3 390
3 460
3 238
3 176
6 196
4 435
4 47
4 155
5 473
1 368
6 290
6 165
2 383
4 125
5 135
1 318
5 368
1 366
3 106
4 300
5 91
2 82
5 305
3 326
1 336
3 438
5 24
5 46
1 220
3 134
1 336
2 354
4 75
2 371
6 15
3 385
1 204
1 362
4 84
6 79
4 497
5 183
1 18
5 344
3 86
5 32
4 38
5 309
3 220
2 134
5 445
5 72
6 382
2 143
6 85
2 363
6 221
3 403
2 198
5 305
1 248
5 398
2 244
4 335
2 353
1 199
6 414
4 131
4 433
1 183
3 26
5 140
2 162
2 277
5 135
2 498
3 267
1 54
3 42
6 56
6 131
4 257
2 51
6 209
6 483
3 365
1 156
3 338
5 108
5 370
5 56
1 14
3 408
5 454
1 188
3 334
6 320
6 7
2 453
2 391
3 297
3 60
2 310
4 153
2 323
4 481
2 387
4 109
2 83
6 117
2 391
4 69
4 231
4 161
5 179
1 490
5 54
6 344
4 483
6 33
4 491
6 73
2 459
2 77
6 417
6 155
6 137
2 55
6 271
4 51
2 437
6 121
6 475
1 137
2 116
5 319
3 70
2 268
4 87
6 61
3 83
2 110
4 369
6 235
2 309
2 103
1 227
5 200
1 274
1 116
5 338
1 336
5 374
3 232
3 386
5 364
6 390
6 285
4 79
6 477
6 431
6 289
3 23
6 58
6 345
2 363
2 75
6 345
6 479
3 61
3 308
6 26
3 109
5 344
1 206
5 348
1 94
2 68
2 267
3 373
3 150
3 156
1 494
1 458
6 40
4 195
6 45
2 215
3 243
4 290
6 147
6 125
4 83
1 281
3 190
3 88
1 446
1 164
1 286
5 114
3 266
2 128
4 171
4 133
4 343
4 441
3 383
4 398
2 281
1 395
5 182
4 116
2 467
1 477
3 174
1 100
5 246
1 484
3 66
5 308
3 146
1 220
2 450
4 321
4 359
5 425
5 36
6 190
2 487
6 165
3 15
1 130
2 24
4 407
6 201
6 7
6 263
2 237
4 251
2 57
2 183
4 401
4 145
3 115
4 186
6 387
4 389
1 299
1 430
6 176
2 367
4 437
2 15
2 345
4 483
2 83
2 481
2 341
4 39
4 393
1 341
3 496
2 358
4 53
2 219
1 173
2 432
2 95
3 337
3 444
4 326
2 357
2 71
5 297
3 20
5 206
2 476
2 459
6 73
5 323
5 118
4 192
3 5
1 98
1 32
2 470
6 161
2 391
4 101
6 287
2 61
3 143
1 42
1 284
6 74
5 257
3 52
1 486
3 346
1 144
2 298
1 421
5 416
5 206
3 368
5 330
5 256
1 338
4 136
5 245
1 340
2 478
6 135
2 321
4 285
6 379
2 481
6 379
1 425
6 164
6 257
6 259
3 145
3 88
5 270
1 172
1 278
1 24
5 254
5 500
5 110
2 16
4 3
6 429
2 367
2 37
5 207
5 342
5 416
3 416
5 358
6 180
6 355
4 249
1 147
3 30
3 68
5 118
5 476
4 106
2 313
4 235
6 223
6 293
2 259
2 305
4 115
3 173
3 228
3 116
5 78
4 306
4 129
5 283
5 482
3 128
1 378
5 288
4 110
3 307
4 326
6 161
4 483
2 485
6 103
4 175
4 431
4 253
3 235
1 106
5 128
3 26
1 196
6 30
4 131
3 187
1 420
6 102
6 85
6 99
1 17
1 164
4 206
6 297
3 311
5 34
1 22
1 100
2 54
2 209
6 479
6 237
5 181
3 388
3 414
3 364
2 26
2 261
2 27
2 193
1 397
2 40
2 299
4 111
4 49
4 459
6 273
4 239
3 305
4 92
2 483
5 433
3 402
2 36
4 31
1 449
6 496
3 155
3 478
1 466
3 264
3 262
5 344
1 494
3 44
3 58
4 396
4 63
5 157
3 60
2 118
2 401
2 215
5 261
3 324
4 338
2 337
2 279
3 473
5 432
4 50
5 489
3 124
1 146
6 232
4 231
6 155
2 135
4 401
3 359
6 122
3 105
1 84
1 118
6 340
2 295
2 299
5 45
5 94
3 190
5 452
1 142
6 448
6 337
4 73
2 407
3 169
6 48
2 281
2 311
6 425
6 379
3 349
4 132
3 99
1 382
5 180
1 46
5 464
6 394
1 231
1 318
2 382
6 61
3 137
2 12
2 475
2 279
6 167
4 65
2 447
3 109
3 376
6 250
3 385
4 284
6 123
6 169
6 377
2 183
2 321
6 413
6 439
3 281
3 92
5 30
3 400
4 406
1 269
3 256
1 130
5 108
3 330
1 488
3 10
1 88
5 250
1 92
4 200
2 173
2 491
2 177
6 163
3 193
3 268
2 362
2 179
2 425
6 19
4 247
6 161
6 371
6 361
6 43
2 197
6 159
2 105
4 235
4 441
1 491
3 394
3 340
5 108
2 126
5 45
3 436
4 162
2 305
6 463
2 197
3 387
1 186
1 290
4 200
4 3
6 301
2 459
4 101
2 143
6 305
5 407
4 74
4 449
5 231
5 270
1 18
1 296
4 378
1 69
5 432
5 154
3 472
1 118
6 260
4 487
2 421
2 227
2 491
3 125
3 438
3 200
3 14
3 448
3 386
5 484
2 334
5 73
3 350
3 376
4 206
6 213
6 223
4 373
2 99
6 85
1 89
3 496
5 46
1 104
4 478
6 177
3 179
6 290
4 385
3 423
5 170
1 128
5 90
6 252
4 49
5 151
6 374
6 253
2 263
4 93
2 419
6 325
4 487
6 329
3 327
1 350
3 336
3 226
4 392
3 355
1 378
6 182
5 281
2 8
1 147
4 54
6 157
6 35
5 109
5 420
4 326
5 405
6 102
4 265
3 147
5 286
6 268
1 73
2 370
6 253
6 319
2 277
1 431
1 278
1 108
5 142
6 308
4 439
2 151
4 57
5 339
1 64
1 228
1 286
5 88
1 470
5 224
5 318
6 32
4 495
3 329
6 284
4 127
2 85
4 303
2 9
4 235
2 187
2 343
2 107
2 143
6 469
4 15
6 65
1 315
3 158
5 312
1 2
5 196
3 406
3 96
6 410
2 489
6 107
4 357
6 427
2 373
3 247
5 2
1 296
5 62
1 356
1 478
2 328
4 135
4 231
2 1
4 187
1 233
3 402
4 316
4 315
2 247
3 117
5 116
2 130
4 17
2 111
5 173
6 252
5 279
5 300
3 382
3 156
6 146
2 121
2 95
2 205
6 113
2 267
2 125
6 283
1 321
3 428
5 58
3 352
5 302
1 394
3 228
3 2
1 84
5 140
1 34
1 490
1 294
4 92
4 79
3 7
3 354
1 332
3 130
5 68
1 2
3 328
6 98
6 413
3 321
1 264
1 262
6 188
1 259
4 86
3 175
2 422
6 179
4 305
6 91
4 357
4 15
2 333
5 179
3 394
1 484
5 38
5 8
1 66
5 284
5 62
5 288
6 184
4 395
4 81
5 307
6 198
2 421
6 71
1 449
3 112
1 60
5 438
4 248
6 311
6 37
2 239
5 157
1 272
3 230
5 492
3 446
1 380
6 86
6 363
6 361
1 315
4 250
1 347
2 294
2 15
2 73
4 139
1 99
6 322
4 215
6 341
6 21
5 183
3 258
4 132
5 319
3 218
6 68
3 317
4 428
1 79
5 124
3 330
3 348
1 52
1 406
1 404
5 14
5 288
5 158
4 100
5 99
6 338
6 281
2 3
6 25
6 163
2 277
1 301
3 68
5 486
6 150
2 305
2 411
6 265
2 235
5 227
5 88
1 294
5 244
1 262
1 16
2 454
3 233
3 276
1 366
6 6
3 257
6 134
2 249
6 75
4 145
6 343
2 297
6 19
4 37
6 95
4 77
4 323
6 153
4 455
2 493
2 197
3 329
4 192
2 135
4 79
6 445
4 251
2 429
6 155
6 261
6 383
1 121
1 422
6 52
6 19
4 271
4 105
2 355
6 373
2 303
2 369
4 299
6 277
2 367
6 233
4 143
2 157
4 87
4 277
6 159
6 105
6 427
4 269
5 11
6 446
4 261
6 57
3 139
6 406
4 241
6 179
2 181
4 319
2 199
2 53
4 147
4 305
2 311
4 295
6 381
4 339
3 395
4 486
5 157
1 448
1 466
4 312
1 23
2 96
6 63
4 101
4 283
3 489
3 148
4 114
1 213
1 452
1 378
5 176
1 338
3 108
5 126
5 260
5 312
5 42
4 204
6 237
4 219
6 457
5 71
3 494
5 234
5 296
5 454
1 264
2 130
3 493
