15 17 1
87 24 15 35 63 4 27 51 19 92 99 38 46 35 72 88 12
68 17 90 5 77 26 32 54 22 32 28 59 10 94 97 85 8
32 47 64 10 97 82 54 48 20 99 34 43 86 45 62 55 35
18 31 60 49 36 33 81 64 92 42 57 40 26 17 23 25 32
33 73 13 86 20 84 84 53 78 21 50 91 75 36 8 57 47
57 93 79 89 8 22 30 16 62 7 84 84 31 15 68 4 80
53 75 15 88 80 93 9 29 83 83 64 43 92 10 99 36 40
87 43 62 68 10 75 74 94 10 57 60 78 60 39 30 34 54
70 13 98 78 93 32 12 8 74 3 69 72 38 9 10 32 22
29 42 48 55 87 57 11 46 34 70 85 16 55 90 85 20 87
62 12 70 25 72 44 80 40 67 69 100 29 53 73 9 94 20
63 32 29 73 77 62 94 13 77 1 2 61 20 40 74 83 62
51 54 5 82 46 23 50 45 3 2 70 12 47 89 74 78 17
99 7 31 44 19 7 44 73 20 15 64 45 98 25 47 3 81
28 48 4 78 45 58 31 14 69 78 54 95 7 23 45 13 53
9 7
4 16
