20 20 1
95 97 32 37 50 88 43 39 73 88 69 34 97 15 18 15 89 8 18 94
95 37 89 94 65 10 20 52 54 90 43 100 87 75 37 88 62 79 26 86
18 94 20 66 60 89 81 1 96 98 94 90 86 83 35 2 44 6 53 97
96 95 97 34 21 85 21 34 15 98 20 32 91 91 98 2 79 30 2 26
79 96 67 16 30 2 17 73 7 69 21 54 15 69 87 88 53 59 21 67
56 92 51 98 34 100 52 12 29 53 89 7 100 56 22 81 9 38 5 67
58 26 21 24 94 59 11 99 18 84 65 25 75 67 23 9 66 74 72 94
78 13 52 78 68 73 58 76 62 63 94 71 40 14 95 85 73 5 83 42
88 100 66 15 66 88 75 84 13 46 29 91 58 81 20 77 5 29 4 19
43 98 89 82 11 83 67 35 40 1 28 79 52 94 45 18 33 19 1 46
65 81 88 74 61 7 3 66 35 6 36 78 3 24 11 66 59 29 100 98
30 28 28 81 73 73 50 57 91 2 54 7 83 41 33 95 99 35 12 86
40 47 63 95 71 25 60 29 54 59 78 35 38 5 67 62 29 17 19 20
70 24 78 52 65 10 99 15 44 10 100 36 57 14 30 27 39 89 55 92
99 84 26 89 88 44 2 17 60 72 88 82 96 17 85 12 27 83 26 22
93 26 9 49 39 38 27 77 78 81 20 29 16 97 17 55 41 18 71 52
42 10 33 37 27 18 48 5 100 73 26 44 50 35 92 41 24 18 69 54
50 89 82 17 37 50 72 77 19 94 29 60 4 13 96 82 82 43 86 34
68 63 77 69 49 21 9 25 90 30 78 92 70 59 8 6 8 79 35 26
73 15 86 28 27 33 9 9 28 46 94 95 60 70 15 61 42 76 85 32
2 5
6 3
