25 25 1
87 7 13 62 10 24 43 15 5 6 76 44 41 81 43 51 25 14 4 22 38 53 32 82 48
63 59 26 35 64 63 74 71 27 35 32 50 29 99 55 34 74 50 26 6 45 76 31 10 31
4 48 83 87 81 31 49 91 8 36 7 22 9 29 48 95 60 98 23 58 4 9 84 5 34
41 49 62 71 59 92 26 58 27 12 90 9 13 80 16 48 38 37 8 66 84 2 26 33 24
35 88 32 70 93 18 11 41 79 33 51 70 59 8 96 70 49 4 82 29 19 81 66 7 88
32 91 89 9 75 65 43 63 48 65 55 65 75 47 43 7 98 65 17 57 60 39 6 16 72
86 86 53 3 93 92 86 35 81 46 9 97 41 23 44 5 77 9 79 76 3 37 73 67 54
81 79 44 38 94 15 75 79 19 78 23 11 15 57 43 61 18 39 1 40 82 5 69 42 35
44 45 23 68 63 28 48 41 71 38 34 38 12 65 56 41 87 18 56 96 12 68 13 50 68
4 84 24 72 25 10 15 21 32 82 84 60 82 24 30 71 10 67 82 74 75 75 12 92 82
59 4 49 23 5 68 27 88 43 50 65 52 65 37 83 98 20 42 31 96 24 1 5 90 35
30 16 9 41 8 42 52 63 90 74 19 9 100 59 51 2 23 54 66 59 36 15 31 78 46
26 1 98 30 42 32 11 58 92 3 17 33 54 31 74 28 49 34 79 7 36 80 81 89 97
92 25 12 22 54 9 47 6 6 28 99 90 90 8 33 92 24 66 46 6 91 25 55 77 55
13 12 35 94 1 83 37 77 46 58 30 6 56 87 64 35 85 53 24 93 85 67 68 2 12
74 45 88 80 21 43 92 32 29 37 84 11 73 60 9 82 89 14 37 27 77 23 12 29 46
56 66 13 23 19 76 48 15 64 27 35 58 71 19 86 7 2 48 32 62 56 13 2 22 2
81 98 24 92 79 22 99 96 34 21 14 61 69 29 76 47 15 33 17 33 70 76 87 18 59
100 25 23 53 46 24 33 44 100 76 74 21 74 69 6 47 82 66 67 62 42 13 29 74 82
61 96 57 99 13 67 98 89 89 51 87 13 35 82 64 11 55 84 36 23 41 82 56 6 100
18 99 13 46 25 46 58 20 54 9 84 20 6 72 8 8 58 72 95 91 35 5 45 70 92
67 10 74 23 68 25 92 66 89 89 90 34 98 9 87 6 92 6 12 64 66 71 73 37 65
64 24 21 60 93 13 79 55 38 53 22 62 44 87 51 84 77 84 81 85 23 87 77 28 50
92 93 20 16 82 37 31 5 57 43 49 21 21 3 58 73 24 72 68 11 22 51 87 57 83
23 79 69 51 59 18 94 51 90 10 84 78 92 40 86 34 89 7 6 91 16 78 15 87 45
10 25
13 22
