30 26 1
78 11 51 99 72 18 65 73 95 61 65 16 34 87 11 81 13 80 34 5 84 10 70 7 24 46
4 41 72 47 94 2 57 97 100 81 14 65 53 61 77 69 76 10 55 39 42 20 70 75 24 53
84 46 11 60 91 67 100 15 13 45 16 22 41 67 2 7 31 54 67 59 74 94 68 80 32 10
99 1 36 75 5 72 72 16 31 14 82 82 28 46 26 43 67 67 10 68 73 92 73 91 51 46
84 70 26 68 79 24 20 67 98 25 38 69 92 20 83 25 1 10 70 26 5 37 44 66 4 68
57 77 58 59 22 42 29 99 61 59 23 80 25 20 56 14 41 99 33 23 23 85 84 45 63 88
81 6 5 36 74 62 64 83 20 38 24 48 36 84 7 58 16 83 30 23 97 70 22 81 92 44
66 27 88 28 15 20 33 19 56 58 32 71 41 4 8 16 3 96 52 61 53 67 44 82 41 92
3 62 72 94 58 37 73 45 64 87 17 49 57 24 58 41 94 50 44 54 66 46 49 17 7 53
35 2 87 75 93 89 89 64 35 46 53 7 42 68 93 58 68 1 81 26 41 27 75 36 32 40
82 80 8 40 32 94 41 18 21 33 59 9 48 93 54 100 99 95 68 43 53 35 95 85 12 36
63 87 71 94 78 4 25 38 43 9 31 83 78 3 67 36 11 15 28 64 66 78 11 85 20 63
72 15 99 83 2 14 21 72 7 51 76 84 40 70 92 70 5 69 25 23 5 35 89 84 99 55
62 9 39 81 23 62 47 73 45 48 38 17 20 45 67 47 80 6 68 71 28 72 39 52 95 95
38 83 79 88 89 40 96 80 20 70 41 67 95 37 66 32 54 85 28 72 83 7 30 3 29 9
74 20 12 20 14 49 55 92 37 43 83 84 22 55 6 15 73 100 51 38 83 56 75 63 28 9
69 57 11 50 65 85 69 28 56 82 76 10 26 64 5 8 48 78 14 53 92 86 4 95 76 38
50 50 100 77 58 21 85 69 70 1 5 38 28 12 71 56 22 96 19 78 56 66 55 21 70 99
7 25 93 34 63 42 83 14 71 92 34 55 12 55 56 16 92 35 28 15 90 1 10 9 30 17
26 84 90 48 82 48 72 74 81 86 68 63 100 38 54 85 92 18 40 99 33 83 34 12 97 23
64 59 83 93 27 9 29 16 56 62 63 79 36 43 65 55 57 16 92 63 100 35 80 39 34 64
22 19 28 70 93 91 28 76 36 55 36 16 70 43 77 33 73 64 27 37 18 84 4 61 98 4
96 77 94 81 40 67 99 19 37 91 10 64 18 97 18 5 12 40 47 88 72 20 52 50 8 21
85 12 82 82 67 29 58 12 9 50 31 7 68 67 49 29 82 19 77 52 23 40 91 22 28 14
93 31 15 100 3 100 63 84 81 81 12 91 93 20 40 75 78 59 41 79 40 74 97 16 77 71
56 67 92 35 32 84 17 99 36 19 98 50 55 78 31 18 68 75 90 59 49 19 70 41 97 9
66 45 76 43 16 83 61 59 69 45 95 37 43 30 56 40 31 62 69 13 79 89 39 20 99 87
39 68 79 87 28 97 32 56 39 99 90 51 57 59 95 3 95 37 32 2 28 15 63 97 27 94
37 66 65 35 4 3 55 35 42 82 31 25 89 21 23 79 71 31 37 66 34 83 54 17 85 34
31 99 82 10 44 18 75 9 52 30 63 6 64 4 40 46 28 28 66 2 6 89 85 94 6 18
29 17
11 6
