25 30 1
54 18 33 19 75 58 2 23 17 69 21 70 63 12 49 6 44 83 5 26 89 65 23 5 39 92 63 19 23 62
68 76 79 52 47 6 9 48 80 77 16 100 99 31 64 99 36 7 81 92 84 21 57 6 25 47 50 39 66 72
52 85 100 31 36 46 88 96 45 67 24 13 18 22 43 33 21 30 39 53 21 74 74 29 32 50 76 33 41 41
56 92 77 55 22 12 52 9 59 49 27 82 61 45 56 3 77 28 84 68 80 4 93 53 33 24 55 60 8 95
52 64 86 28 70 60 91 22 20 49 22 47 82 82 91 37 36 67 64 19 86 44 74 79 48 58 2 2 17 10
96 68 25 82 47 94 93 37 67 12 37 88 58 19 69 48 55 4 67 71 74 52 66 48 30 65 5 84 67 74
45 14 93 21 47 40 14 39 28 81 51 65 20 8 35 41 8 41 44 26 11 70 29 28 69 59 93 73 94 11
98 90 24 91 10 71 82 75 61 61 7 11 77 27 71 11 67 30 52 62 7 14 31 35 94 51 45 86 24 38
96 73 79 71 63 40 93 96 15 54 57 21 16 33 47 38 96 65 67 47 79 73 12 61 60 5 12 4 42 87
94 89 59 72 60 74 12 52 69 26 57 77 98 73 62 97 10 57 61 29 55 91 1 18 52 60 75 63 16 16
49 9 57 7 80 16 80 43 19 1 20 76 29 18 100 90 66 9 98 78 37 52 69 90 22 20 1 96 82 16
63 30 24 19 88 56 86 68 50 57 20 70 32 48 39 83 38 4 91 35 81 80 39 49 21 60 20 21 7 1
89 69 82 64 88 70 71 25 89 21 81 8 42 64 55 32 46 44 87 89 31 19 68 21 20 40 80 39 60 38
40 100 6 21 16 45 42 86 70 30 58 2 37 99 66 44 82 63 87 68 51 69 87 70 89 6 9 20 44 21
57 35 72 63 8 87 59 49 73 28 79 30 82 67 81 99 10 62 61 49 30 64 17 68 85 58 73 94 77 68
66 34 3 89 48 10 76 6 10 100 86 88 81 67 7 61 65 16 75 77 64 56 40 33 23 25 90 47 70 18
14 87 3 16 75 2 77 50 8 87 1 45 26 82 63 32 94 79 48 68 7 63 23 47 47 97 23 88 95 44
6 9 30 60 76 4 62 53 6 69 91 6 65 16 39 79 100 33 57 47 100 63 61 75 61 60 23 83 47 18
26 4 26 7 64 53 63 25 57 68 45 47 25 9 15 16 39 14 48 95 12 99 9 24 73 70 83 48 4 82
65 82 85 42 88 48 94 2 24 3 21 68 1 46 28 15 13 66 80 60 12 43 58 21 67 83 42 1 30 97
82 46 30 67 39 18 66 84 19 90 86 92 9 87 89 89 53 1 6 85 60 18 27 69 90 45 3 83 46 84
79 27 81 9 45 19 78 11 3 48 52 40 39 12 26 27 100 31 79 58 67 38 75 93 59 16 38 13 98 35
97 28 61 77 88 6 96 17 68 50 17 19 89 7 30 67 86 82 49 64 39 15 54 65 59 12 32 48 76 81
82 72 60 43 1 48 100 48 16 67 97 84 85 37 91 66 3 76 99 3 91 89 17 44 53 28 7 84 75 83
16 57 6 76 51 6 23 50 53 90 68 1 74 4 90 16 69 44 91 20 47 33 8 15 77 13 42 35 48 17
14 7
23 15
