30 30 1
65 67 26 1 87 42 2 78 2 28 100 38 94 12 60 22 68 35 92 49 28 34 84 19 33 82 72 33 70 71
77 86 89 55 87 28 96 40 5 49 67 56 86 13 68 97 86 87 31 30 35 10 63 18 29 47 51 100 31 73
22 8 58 11 14 96 38 9 36 94 10 54 49 47 66 68 44 4 54 26 33 88 36 95 58 16 94 8 15 24
80 88 31 90 98 96 85 87 57 20 80 66 26 81 12 43 48 55 46 54 81 78 93 68 25 50 83 18 10 49
41 41 36 24 30 86 19 15 72 75 86 4 92 11 84 4 54 83 10 51 36 90 81 29 9 5 30 91 74 91
39 14 32 27 89 13 12 60 79 83 86 17 86 78 27 21 81 32 4 90 35 91 32 15 71 40 71 1 83 44
43 73 9 74 99 98 39 62 9 17 45 94 33 82 71 12 55 3 95 58 45 29 100 28 43 71 67 13 23 1
8 65 74 17 91 24 66 29 86 74 45 82 67 78 15 90 41 69 92 35 78 36 64 78 63 58 100 82 23 22
34 30 38 7 46 28 31 11 56 68 84 1 49 3 30 63 92 70 32 35 56 61 23 19 38 37 29 37 70 51
10 4 80 48 10 26 75 92 36 83 59 72 35 7 26 16 22 69 85 5 3 92 65 77 11 3 14 39 91 83
89 53 38 20 52 100 45 78 91 33 60 2 4 94 60 81 9 81 49 45 37 3 37 2 80 99 56 93 89 46
27 29 50 65 48 1 16 45 79 6 77 38 59 32 84 19 12 44 51 60 41 88 62 29 89 93 27 96 37 67
41 16 47 43 80 94 43 95 90 73 52 66 63 63 97 46 33 8 41 83 19 81 22 33 61 62 25 87 57 14
5 50 29 51 92 60 97 86 54 86 11 57 4 73 19 100 70 51 60 10 86 30 43 59 62 3 73 39 42 29
52 98 30 80 1 73 39 49 11 44 34 21 52 89 93 23 89 14 25 100 23 62 29 17 21 91 72 93 81 65
73 32 62 3 63 62 75 53 10 85 96 96 57 47 84 49 21 24 62 46 23 37 7 4 5 27 46 76 71 26
40 44 9 54 98 71 15 24 23 77 61 70 72 17 68 7 18 89 83 31 34 57 67 92 60 24 71 5 51 41
30 91 36 90 96 33 60 10 9 34 38 69 55 61 85 23 68 2 63 2 33 48 58 51 39 18 26 9 22 77
2 4 19 89 93 14 74 5 75 82 38 13 50 93 73 86 67 92 88 29 93 72 76 51 74 66 68 100 75 41
28 28 44 46 68 37 11 41 41 85 74 30 49 23 74 22 9 40 65 48 20 58 71 95 60 96 61 27 47 87
19 74 66 63 71 33 99 81 26 91 18 99 20 66 74 94 39 82 33 4 81 53 13 51 99 72 46 11 50 93
97 68 18 14 30 89 99 80 21 24 70 38 74 90 56 47 83 94 80 67 49 60 71 61 62 22 32 60 32 33
4 81 1 21 94 82 61 92 62 82 67 31 71 41 72 26 87 6 72 67 73 20 78 95 81 40 16 64 99 48
97 2 80 49 74 73 30 35 17 91 68 83 74 90 75 45 16 62 51 39 80 75 58 57 21 90 96 37 6 46
36 2 47 15 2 73 39 31 59 55 74 78 90 99 67 64 43 34 77 45 72 56 71 30 13 92 71 60 28 76
6 15 77 4 29 30 76 67 13 86 74 86 63 63 84 30 78 78 63 55 75 35 62 45 16 74 36 86 34 63
62 91 77 90 94 57 20 22 76 84 7 1 69 22 15 4 51 92 33 65 98 7 51 60 52 66 33 87 4 18
50 17 60 78 6 54 87 77 27 14 60 85 14 80 6 28 83 8 71 16 73 69 22 75 28 73 93 12 12 96
82 13 12 41 90 69 46 28 98 72 41 57 57 54 89 14 33 23 22 4 90 46 72 64 20 99 88 12 62 99
59 43 11 70 36 53 91 81 80 88 5 73 96 61 26 84 26 59 7 47 62 96 92 85 59 64 35 99 75 96
6 17
28 1
