15 10 20
21 24 64 20 24 99 97 18 12 80
50 44 7 7 53 35 81 5 77 84
99 88 51 81 47 35 45 17 61 77
91 81 52 7 100 76 5 97 45 68
28 94 11 34 52 16 20 84 72 96
20 70 36 22 2 82 56 47 50 69
75 41 1 26 47 1 53 3 49 97
70 28 42 32 13 45 47 85 81 18
32 100 40 67 21 41 1 29 39 2
49 65 94 49 43 40 1 47 94 49
96 15 28 37 47 93 34 45 77 14
15 8 65 6 75 85 98 27 65 89
28 13 53 22 62 95 13 14 42 7
63 37 73 42 25 19 34 10 16 10
23 82 18 39 87 44 24 84 70 40
5 9
7 2
12 8
13 10
3 7
15 8
10 3
2 1
11 2
15 1
14 2
15 4
5 1
3 3
5 2
15 3
9 6
12 10
8 3
6 8
10 5
9 3
8 5
12 2
11 1
15 9
11 3
1 1
10 2
13 6
15 10
15 7
11 9
3 6
5 6
15 2
7 8
12 9
7 5
5 8
