30 25 21
24 55 52 57 57 56 52 64 54 99 50 3 19 90 77 9 41 39 28 19 96 73 16 12 40
38 23 95 78 16 42 54 70 46 62 79 1 65 94 6 64 43 8 34 85 36 95 77 74 74
96 21 99 11 32 38 100 6 85 78 21 78 83 43 23 44 21 23 61 66 28 76 8 87 9
92 22 55 69 48 81 16 68 79 26 100 68 25 5 52 54 78 30 88 20 52 84 92 27 44
57 6 19 16 93 79 8 14 86 28 13 66 43 81 44 20 32 11 96 36 15 2 65 44 89
84 95 72 75 73 67 31 79 85 47 71 16 6 36 1 85 49 18 79 81 61 98 12 23 45
99 37 46 64 32 35 47 27 58 74 99 77 56 29 13 54 99 28 11 87 80 95 87 97 25
67 9 22 30 84 19 28 20 64 91 4 50 90 30 60 63 80 36 18 61 48 72 11 28 82
97 7 29 35 56 53 1 64 27 30 47 45 10 19 60 100 22 62 89 3 21 3 34 8 73
94 7 96 5 34 29 53 93 57 88 100 62 40 15 88 22 62 84 31 32 95 82 53 56 23
7 28 25 40 35 97 34 42 92 38 27 21 90 71 29 29 22 90 69 37 29 90 98 64 20
81 59 53 85 14 75 91 94 100 30 28 48 15 21 40 4 100 12 46 22 40 74 44 82 42
80 62 83 29 26 54 9 84 7 93 49 81 35 42 32 64 22 80 31 94 71 34 93 34 79
15 25 5 58 6 98 89 68 81 69 45 86 29 80 92 73 80 25 7 74 56 22 95 87 52
88 57 86 33 42 16 47 67 20 56 72 70 96 91 50 64 87 35 44 66 79 16 98 3 22
71 10 95 17 97 47 56 5 84 88 47 51 86 13 23 93 36 92 88 79 93 3 17 27 98
83 57 13 32 59 86 2 69 81 18 17 79 25 73 14 13 19 64 50 83 86 43 71 29 82
49 21 37 17 100 34 99 56 99 30 67 36 83 87 16 52 3 46 77 75 59 41 46 75 42
80 12 36 50 41 18 50 61 6 67 12 91 17 68 41 99 86 77 81 72 44 85 26 90 13
100 100 53 97 74 94 77 86 30 78 26 99 28 38 56 46 2 98 62 69 39 12 6 67 93
77 10 29 2 51 41 53 3 45 50 76 90 78 13 71 55 90 69 34 80 76 79 81 74 93
1 64 4 6 30 48 82 91 76 83 94 68 87 96 12 88 23 2 65 36 72 72 25 93 57
56 68 88 36 93 80 36 8 35 93 89 83 74 32 10 8 25 78 95 72 89 82 94 90 99
29 14 22 6 6 78 61 25 65 49 70 96 36 29 31 29 18 65 54 1 74 14 25 51 60
96 92 41 41 33 91 70 46 64 27 3 42 39 80 58 39 49 6 75 29 88 55 98 52 8
98 77 21 22 28 80 69 71 73 10 3 15 31 1 79 9 55 72 47 34 29 38 34 86 12
63 73 66 60 76 25 58 53 46 31 32 77 52 2 49 61 56 16 43 8 94 51 63 65 49
48 45 86 82 31 49 96 55 66 55 31 91 64 83 88 95 66 64 98 67 65 58 74 80 100
82 73 2 96 89 50 43 33 88 76 15 36 71 22 2 26 52 44 41 86 31 87 51 94 84
69 10 41 94 89 92 27 13 45 22 1 47 17 86 34 92 52 21 63 73 74 40 24 17 80
4 3
5 6
5 19
6 18
9 19
10 18
12 13
12 22
14 12
15 3
15 18
17 8
17 25
22 8
22 21
23 17
26 19
27 8
27 18
29 11
29 23
2 8
7 9
8 6
8 19
11 12
11 20
11 22
14 11
14 15
15 1
17 1
19 22
20 7
20 21
21 12
22 10
27 22
28 3
28 24
29 5
30 18
