25 30 21
90 22 1 15 19 18 70 4 63 81 9 88 56 41 100 1 5 33 59 85 31 43 56 13 68 28 79 99 54 36
54 95 9 54 10 80 23 79 83 37 11 43 76 18 36 27 70 40 59 81 24 41 23 32 53 42 11 32 93 17
19 46 63 79 52 72 58 26 2 92 15 65 87 90 34 22 17 4 13 27 84 89 68 58 72 72 51 34 3 43
50 73 41 13 52 44 36 9 69 90 53 83 6 91 25 39 64 41 42 76 19 77 16 86 86 39 58 37 73 12
31 74 85 71 38 36 66 26 96 87 15 100 21 72 90 45 10 53 37 4 81 8 80 48 93 18 87 2 54 11
14 36 84 50 7 74 85 24 99 32 10 13 32 83 36 73 79 45 26 68 48 58 75 80 5 67 97 43 21 2
53 34 37 89 35 95 62 71 71 60 2 80 24 85 14 59 58 93 55 35 60 55 44 34 86 48 52 34 43 72
35 95 57 23 35 91 70 96 61 40 7 15 71 30 51 85 40 8 77 95 94 88 49 37 21 86 37 72 19 79
96 53 25 52 27 60 95 96 55 55 35 62 21 6 43 72 90 35 31 18 29 25 5 29 13 25 14 49 48 32
79 43 36 4 47 62 63 41 10 69 47 44 82 68 1 77 39 42 11 21 59 91 45 15 19 10 39 84 10 39
67 89 33 2 44 79 15 58 19 76 26 66 20 60 85 72 88 75 14 98 95 72 40 92 87 58 1 77 93 62
67 59 50 100 12 93 30 78 2 1 54 28 66 25 39 2 48 26 76 61 75 70 85 14 13 23 23 65 99 67
27 18 77 28 69 40 73 98 17 74 98 22 53 15 98 91 16 46 68 43 6 94 65 90 59 77 12 81 42 63
99 20 32 75 47 100 14 19 97 83 93 95 4 45 61 2 88 77 99 7 19 56 1 83 46 59 12 9 92 5
23 90 24 54 65 70 53 30 41 2 12 33 48 16 29 8 69 16 84 19 75 55 74 75 89 71 85 52 80 76
56 54 18 79 60 34 1 12 63 41 65 75 25 12 42 5 20 62 73 55 32 47 61 5 21 50 76 5 1 7
33 9 60 50 87 19 35 39 83 97 31 47 23 7 59 16 12 30 29 84 84 60 30 45 65 2 46 92 58 98
98 42 6 57 43 45 28 77 83 62 26 66 8 100 72 18 68 35 47 96 18 83 8 99 79 24 52 24 15 10
21 64 51 27 72 94 71 99 22 5 60 47 70 20 47 94 89 66 28 36 13 98 70 20 96 48 95 100 71 9
9 43 24 11 21 96 56 43 46 78 100 58 76 21 77 74 14 65 39 42 52 52 39 73 23 86 20 18 85 42
78 45 37 2 8 57 97 63 52 42 92 51 51 68 71 27 41 37 44 80 78 47 83 68 20 5 5 91 22 42
85 52 86 21 53 93 29 1 8 32 94 99 82 45 18 5 71 59 41 66 90 70 65 72 89 36 28 93 78 2
34 62 53 72 34 5 16 63 5 75 46 50 74 28 94 91 84 17 1 76 34 90 45 98 13 33 33 93 77 11
94 11 24 46 34 58 2 49 72 58 76 17 7 49 96 1 91 79 17 92 6 50 33 50 100 98 34 84 90 11
94 35 73 18 80 6 27 81 6 98 38 81 14 44 81 62 96 72 40 64 15 98 66 99 47 65 96 33 48 37
1 30
4 6
4 15
4 21
4 22
7 27
9 9
9 19
10 4
12 2
14 12
15 21
15 27
16 11
17 15
19 3
21 6
23 2
24 18
25 21
25 25
1 20
1 26
2 15
7 20
7 30
8 12
8 23
11 5
11 10
11 15
13 1
13 8
13 16
15 25
15 30
17 7
18 25
20 12
20 22
23 3
25 26
