30 30 15
55 41 90 85 97 69 74 85 48 99 14 46 17 50 65 1 41 40 7 74 93 66 71 18 34 67 9 32 15 25
33 21 17 22 57 14 43 30 50 90 29 15 87 45 65 51 97 57 42 4 82 35 21 53 52 54 71 12 38 85
89 70 57 57 43 14 22 85 43 71 75 23 38 13 68 2 64 16 10 57 19 91 91 92 43 95 97 65 58 34
49 98 3 58 55 46 71 76 82 13 99 8 36 36 21 55 89 36 70 98 92 41 40 35 84 35 81 80 99 90
14 100 88 68 57 42 13 27 69 47 39 67 54 26 54 74 32 94 61 54 43 5 46 83 91 29 17 71 8 15
60 73 14 99 41 70 40 53 96 9 99 87 27 5 64 81 30 48 26 91 1 69 47 46 51 37 26 67 59 33
33 70 6 47 69 46 68 8 50 16 68 1 54 95 5 17 27 34 64 52 76 16 20 22 13 22 58 38 88 68
23 21 38 80 19 58 77 86 17 26 1 85 78 54 31 82 23 57 68 38 60 95 54 32 17 18 53 26 8 93
94 30 13 83 9 83 40 37 68 56 14 21 40 92 74 22 25 48 30 44 86 90 39 91 73 55 8 77 80 15
69 25 96 33 7 56 15 98 92 35 54 6 55 45 49 80 67 73 28 96 17 65 37 7 7 61 61 14 38 92
81 6 69 28 39 75 84 5 73 27 39 78 32 45 22 32 25 40 5 4 88 73 68 24 31 74 85 91 39 22
34 71 79 2 99 69 29 34 74 53 60 64 30 44 9 3 75 33 95 31 88 82 55 7 57 85 32 41 27 22
14 61 93 93 14 43 61 42 76 86 46 35 50 27 30 58 82 57 42 76 87 29 57 94 87 13 78 18 6 5
39 71 17 31 15 30 25 28 24 100 13 69 87 62 96 68 71 77 24 64 4 11 92 60 4 30 24 33 47 81
37 86 52 5 68 66 35 45 93 10 44 6 78 82 19 25 50 42 53 73 5 56 35 49 67 90 78 91 23 77
71 11 62 74 16 81 40 2 25 32 11 21 89 40 54 60 17 3 1 69 28 57 25 62 57 43 4 35 33 26
11 56 36 24 81 3 56 20 56 33 4 18 5 44 58 58 3 74 61 55 94 40 64 70 53 20 13 56 6 45
81 68 52 69 91 33 23 99 4 79 83 7 96 87 3 5 44 5 30 56 12 24 47 27 93 100 46 5 55 52
2 88 19 5 56 62 37 30 12 93 8 94 51 56 32 53 60 75 10 90 83 21 65 29 47 57 28 44 62 35
47 15 22 18 19 29 31 56 58 42 100 66 87 50 73 18 3 84 44 12 25 26 84 89 7 30 46 86 25 59
20 72 73 41 41 91 69 71 98 79 12 97 96 50 99 68 67 1 51 10 12 76 88 95 16 46 76 61 31 52
71 3 23 43 95 63 86 16 85 83 94 96 32 89 45 30 8 63 82 58 25 93 85 12 39 1 9 14 13 91
17 36 93 40 78 40 54 15 55 39 50 100 86 81 88 83 62 95 45 43 4 69 87 41 32 25 93 92 90 57
83 6 92 27 97 22 66 3 36 72 93 85 71 78 17 10 12 30 56 57 72 60 77 10 52 61 86 44 52 75
52 86 33 44 13 81 65 30 83 52 2 75 37 24 5 5 34 68 35 89 76 6 100 53 68 51 65 53 46 16
28 98 2 12 93 66 92 9 95 27 60 48 53 48 72 57 53 5 77 87 93 52 44 93 56 11 95 20 16 41
88 95 90 41 6 82 6 49 42 100 75 1 48 28 1 71 36 5 75 12 91 67 64 86 11 19 49 6 91 64
46 78 10 87 18 15 68 75 63 9 26 90 61 73 17 13 95 52 17 69 16 59 88 31 45 98 1 45 55 91
60 52 20 69 38 89 35 5 63 97 65 89 86 78 13 54 90 8 58 7 76 73 17 63 3 61 13 55 57 67
46 16 19 17 36 56 6 70 13 68 19 29 56 4 6 69 10 48 28 67 6 3 91 22 18 45 35 30 99 91
1 12
2 25
4 17
8 4
10 13
11 9
13 18
14 13
16 23
18 14
23 30
26 2
26 28
28 9
28 14
2 7
3 30
5 7
6 29
10 16
12 7
22 6
22 11
22 18
24 11
24 26
28 24
29 13
30 7
30 25
