30 30 30
99 22 32 3 87 58 89 14 8 29 83 30 7 36 82 46 13 71 99 53 77 6 7 89 72 97 9 36 14 18
23 64 39 7 19 78 64 7 91 23 87 73 52 94 60 85 91 73 55 89 77 31 47 83 19 18 80 79 54 93
97 28 56 87 34 74 64 49 33 55 71 19 79 22 64 39 58 55 63 12 95 39 42 41 21 13 59 52 91 64
96 39 91 52 26 25 77 89 25 61 95 96 80 74 69 95 12 27 1 26 90 96 64 32 88 36 96 46 40 86
9 35 77 52 86 54 28 15 42 52 75 89 99 6 62 68 53 25 46 53 50 35 48 65 18 36 52 13 33 91
51 94 26 27 45 63 80 24 29 73 75 4 13 26 61 74 93 13 50 90 66 51 24 65 15 94 52 19 6 85
9 56 30 86 34 26 49 13 49 77 38 75 32 50 100 93 76 44 57 25 33 74 76 9 39 42 2 90 12 59
26 21 15 55 6 48 32 6 13 80 35 2 7 66 51 6 10 78 50 19 55 34 92 30 94 30 23 47 72 35
6 49 7 72 4 64 19 87 22 83 19 56 84 25 21 87 30 83 64 31 1 70 17 92 51 62 74 74 9 45
60 66 93 18 37 48 33 55 35 54 90 53 9 73 29 82 11 10 64 27 93 64 96 9 7 47 70 80 72 30
76 83 95 69 100 31 68 32 38 54 38 27 58 46 51 86 27 14 96 90 40 88 5 35 48 12 33 69 43 4
99 19 86 45 39 37 28 6 21 17 60 58 95 17 3 45 3 82 10 50 71 49 37 28 36 36 91 20 4 33
24 54 3 61 51 41 98 78 47 70 94 6 27 88 74 81 84 76 62 94 77 33 94 65 12 29 100 2 49 56
86 24 9 41 36 11 81 33 88 27 54 33 84 80 72 58 61 56 85 22 1 62 6 94 26 69 75 78 22 75
33 8 98 93 100 33 4 80 18 43 59 71 76 94 3 47 3 15 54 40 36 54 1 94 48 78 62 74 7 84
48 39 43 97 32 42 81 87 73 50 29 31 73 4 25 75 3 79 89 56 18 76 62 70 69 61 48 83 34 6
66 33 45 8 29 28 1 61 14 73 11 42 4 83 98 80 9 52 58 49 7 28 24 20 97 45 80 96 27 13
2 44 45 46 3 25 25 3 86 38 75 96 31 30 30 80 61 38 31 71 86 90 98 61 9 46 57 89 42 83
53 43 78 50 40 80 74 64 34 11 53 61 58 83 90 87 63 3 76 45 25 13 34 74 74 43 19 30 83 60
65 35 54 94 84 93 74 10 56 7 20 8 67 78 43 9 64 5 63 92 1 87 4 35 12 77 29 30 59 11
42 75 45 95 68 81 88 93 90 95 52 9 3 70 38 45 30 54 1 92 45 1 30 48 87 41 77 15 23 87
25 64 13 22 58 32 54 97 25 43 92 28 3 94 97 93 90 27 46 42 70 90 94 100 37 33 92 65 47 66
51 24 29 63 97 39 95 50 35 71 44 78 98 98 23 94 90 12 72 35 5 42 24 51 93 13 83 84 77 29
2 80 4 82 94 52 20 88 1 7 10 96 84 7 94 59 53 35 22 24 70 27 65 45 29 57 9 11 93 38
91 94 69 95 75 62 46 47 50 99 53 59 46 88 18 39 46 70 26 68 93 47 46 58 43 74 14 52 84 6
41 26 51 9 20 26 70 18 72 71 68 76 82 13 63 99 4 61 68 29 80 12 75 25 69 17 50 35 20 85
92 60 10 43 20 82 20 90 51 91 60 18 66 41 82 80 91 85 92 10 65 71 22 91 47 42 60 96 76 79
80 20 91 90 14 10 23 33 99 73 23 11 90 40 3 23 71 94 8 63 3 24 85 24 15 32 66 74 79 93
4 59 64 94 100 77 4 22 9 54 94 83 16 35 74 19 57 97 12 16 59 66 40 43 42 6 26 59 31 5
51 34 15 15 80 14 43 83 87 4 88 80 38 4 66 12 22 74 8 85 90 18 50 81 12 43 86 38 1 68
29 12
7 9
16 11
17 17
13 3
23 1
23 16
2 1
20 18
20 8
3 16
3 21
20 6
13 9
6 19
23 25
10 8
6 27
26 28
25 10
26 10
1 21
1 30
4 28
26 11
4 5
25 9
15 12
28 11
4 22
18 8
4 19
8 5
1 11
23 6
25 5
16 18
8 28
21 27
27 15
3 5
18 21
24 9
15 10
14 18
3 24
10 9
2 22
29 30
24 11
28 10
1 29
2 30
4 29
25 11
4 6
29 11
6 14
27 11
3 22
