30 30 30
38 63 93 36 58 100 95 96 81 51 33 65 19 55 9 9 75 34 25 48 17 36 25 8 92 18 86 13 26 76
75 15 38 68 51 95 19 97 90 51 100 74 15 70 28 76 78 3 9 3 2 25 90 27 85 33 96 70 45 73
45 72 39 34 39 41 28 9 38 69 59 37 42 26 6 22 1 36 24 61 90 77 85 31 55 69 63 2 91 59
74 35 30 65 21 20 5 48 28 42 69 39 30 10 64 88 31 16 23 6 76 64 35 12 94 89 33 56 91 23
14 16 9 96 80 29 15 85 77 95 78 97 85 8 6 48 47 89 15 69 46 90 32 80 53 77 21 85 32 63
7 97 78 16 44 10 96 11 94 24 5 23 20 41 82 78 88 28 66 54 48 63 95 31 95 47 7 15 32 90
77 90 39 6 57 82 15 53 92 60 28 48 35 48 88 16 25 27 96 42 80 43 4 74 26 50 73 32 64 56
74 92 45 12 50 54 45 16 6 37 28 85 36 62 32 76 29 8 2 24 49 34 19 5 59 44 54 31 27 70
86 52 13 83 63 62 36 8 30 93 96 57 77 83 18 61 58 98 68 60 22 69 45 92 73 3 35 78 86 13
99 23 65 12 5 79 25 92 38 6 84 85 62 13 68 31 73 25 29 92 36 2 60 80 93 84 35 79 62 20
91 12 42 7 75 99 86 52 90 75 57 26 60 19 38 27 1 62 3 29 53 39 30 13 70 74 48 4 52 61
23 43 73 17 1 47 15 38 50 4 13 7 29 24 77 18 50 77 79 52 58 84 42 87 48 12 61 95 67 64
56 42 58 28 58 59 26 72 48 76 27 60 34 56 83 10 25 84 86 56 88 43 39 29 82 86 92 94 80 59
57 87 52 15 14 9 25 92 32 72 19 58 84 52 65 18 61 90 2 98 45 89 93 83 69 74 20 13 67 51
23 75 38 74 41 51 82 65 94 65 37 12 22 72 15 87 89 75 28 90 25 72 30 17 6 51 90 77 63 8
27 37 34 64 10 75 67 43 91 60 7 79 24 28 50 38 66 39 65 93 80 41 16 10 57 73 12 98 1 26
57 28 62 90 91 23 16 57 65 7 69 71 85 92 50 87 81 68 25 97 12 4 37 80 65 93 4 28 42 5
53 98 32 66 88 74 88 55 31 52 61 51 74 98 94 76 84 74 43 60 23 54 15 59 33 32 4 89 59 45
93 64 43 24 29 82 97 17 36 79 68 49 29 94 46 74 69 29 100 11 40 22 16 54 80 1 85 83 89 44
28 81 59 22 56 87 3 4 3 38 35 23 38 63 16 83 89 36 63 88 98 2 9 13 56 40 65 92 23 53
87 2 85 45 75 92 32 77 96 86 66 30 8 4 44 75 38 32 62 1 71 59 54 79 72 61 19 88 53 93
41 39 46 77 36 20 69 67 48 64 4 13 45 64 68 88 90 6 72 52 6 42 10 59 73 33 20 91 21 24
35 13 14 32 89 49 51 9 67 50 24 71 62 68 34 82 56 75 87 79 26 44 20 88 54 92 72 73 34 44
48 20 56 62 51 97 10 53 5 77 2 29 99 16 48 84 97 55 58 35 33 84 78 53 23 31 96 94 56 82
38 3 1 45 16 4 41 26 8 98 54 62 78 52 29 25 35 77 80 44 11 12 79 40 16 1 22 64 47 77
45 84 32 97 28 47 52 21 24 60 70 77 73 47 28 1 71 14 77 2 58 39 66 88 30 33 89 51 96 35
28 92 70 11 89 49 57 40 21 33 51 90 9 23 36 89 75 59 54 3 12 63 41 77 51 70 10 91 73 57
25 100 49 46 62 37 46 70 28 67 2 31 56 11 53 44 51 80 54 4 82 65 67 23 94 17 44 3 7 16
59 83 67 7 80 80 95 25 50 75 91 51 5 99 13 9 42 63 88 95 67 70 11 33 92 4 1 87 6 59
55 17 41 73 75 20 53 70 96 2 44 87 4 100 85 17 8 78 31 96 24 97 65 34 81 8 38 33 94 95
1 1
1 2
1 3
1 4
1 5
1 6
1 7
1 8
1 9
1 10
1 11
1 12
1 13
1 14
1 15
1 16
1 17
1 18
1 19
1 20
1 21
1 22
1 23
1 24
1 25
1 26
1 27
1 28
1 29
1 30
30 1
30 2
30 3
30 4
30 5
30 6
30 7
30 8
30 9
30 10
30 11
30 12
30 13
30 14
30 15
30 16
30 17
30 18
30 19
30 20
30 21
30 22
30 23
30 24
30 25
30 26
30 27
30 28
30 29
30 30
