30 30 30
57 41 18 36 16 19 71 28 11 37 17 84 39 17 82 7 31 9 87 87 97 36 62 72 11 65 16 48 43 67
10 51 59 27 86 74 45 8 53 7 97 69 42 35 86 23 93 68 83 32 54 32 67 67 3 29 84 19 76 26
37 37 28 95 15 13 68 59 73 20 17 69 40 58 55 77 80 100 44 14 31 49 45 49 68 48 77 51 18 4
76 54 40 3 100 54 67 67 64 39 38 80 59 29 37 66 58 68 65 1 81 95 2 78 43 21 25 71 71 42
74 98 47 13 100 46 18 18 64 81 9 53 12 19 33 48 84 90 67 100 43 47 46 44 24 88 64 100 10 86
93 83 83 91 47 34 36 64 51 51 96 11 3 7 30 36 6 65 25 72 65 19 71 10 62 46 50 77 98 11
14 90 94 96 81 40 29 68 56 32 71 51 94 73 10 75 60 15 40 37 39 56 55 61 17 69 58 18 97 55
29 11 97 74 58 29 13 87 96 68 70 66 71 15 91 80 90 2 46 81 90 36 36 97 96 4 65 54 74 13
60 2 23 56 75 81 84 39 19 32 59 40 49 29 54 39 60 43 93 57 75 82 93 10 78 40 66 94 45 39
59 5 92 81 60 18 13 96 56 83 27 66 22 75 94 28 66 5 22 10 62 97 43 6 58 73 45 23 66 90
13 24 94 4 57 5 21 21 100 29 4 78 94 77 5 88 56 70 44 78 31 57 74 73 62 83 45 59 6 63
48 70 86 93 74 94 49 46 15 49 74 70 78 68 98 82 7 54 3 50 83 33 59 56 58 20 90 2 78 95
64 77 65 2 69 90 95 70 35 61 18 9 82 47 76 80 29 82 85 83 83 67 68 41 74 25 13 63 26 42
10 90 19 26 43 39 15 37 8 1 50 77 9 31 24 36 62 4 69 98 38 4 64 5 44 89 29 8 52 7
50 61 48 68 86 90 58 52 26 66 52 27 42 13 10 17 48 71 72 69 69 10 72 84 66 15 73 95 23 24
1 24 36 48 91 73 89 100 76 66 65 79 93 59 91 2 27 91 24 99 59 44 60 30 28 25 96 100 71 70
75 23 93 62 22 35 86 10 35 61 76 51 39 68 61 82 21 88 72 44 38 82 88 97 11 15 73 6 66 44
28 92 66 20 5 88 7 90 97 93 2 72 43 92 91 4 25 11 43 96 55 80 77 94 28 39 8 100 97 25
43 24 68 61 95 72 48 1 13 96 45 14 68 88 57 10 43 82 21 85 29 27 64 58 20 43 96 79 42 44
3 37 67 22 97 14 93 96 66 5 91 11 70 10 50 26 20 92 59 92 76 88 18 91 45 89 33 92 67 26
36 21 62 54 42 10 19 86 5 85 90 48 47 11 57 96 88 28 39 47 19 66 86 88 8 82 76 40 73 94
17 60 14 31 66 7 40 84 92 97 20 33 96 66 43 52 13 31 80 3 29 50 68 14 38 75 95 13 66 19
7 83 79 72 65 44 79 56 79 22 52 99 55 47 16 97 51 81 79 82 83 59 31 51 72 68 77 18 81 43
89 39 77 67 62 41 62 92 96 92 14 100 90 68 98 6 16 48 86 47 29 20 5 60 70 29 79 99 46 11
41 86 49 17 4 63 9 65 54 4 9 67 3 98 86 53 55 54 100 92 100 81 12 56 92 33 84 70 31 82
81 23 67 81 91 71 95 99 87 49 55 95 67 9 45 5 61 99 58 61 91 9 93 54 64 84 86 48 5 69
29 37 91 47 70 82 17 64 32 56 64 86 50 31 95 94 87 55 45 44 67 87 52 11 40 15 46 77 14 51
45 94 39 88 41 60 21 57 24 52 12 39 90 14 21 84 59 7 90 3 50 9 89 53 19 28 20 65 57 33
67 53 27 5 40 19 17 12 75 92 16 39 30 5 4 51 40 62 9 81 65 11 89 5 63 60 33 34 24 41
19 42 93 97 98 85 15 14 48 41 5 63 79 35 19 34 37 10 96 45 91 12 7 31 16 70 90 100 55 65
1 1
1 8
1 9
1 10
1 12
1 14
1 15
1 20
1 21
1 24
1 25
1 29
1 30
30 1
30 4
30 5
30 6
30 7
30 8
30 9
30 14
30 16
30 17
30 19
30 20
30 21
30 22
30 24
30 27
30 28
1 2
1 3
1 4
1 5
1 6
1 7
1 11
1 13
1 16
1 17
1 18
1 19
1 22
1 23
1 26
1 27
1 28
30 2
30 3
30 10
30 11
30 12
30 13
30 15
30 18
30 23
30 25
30 26
30 29
30 30
