30 30 30
100 12 61 44 1 94 55 39 3 65 15 87 12 10 86 90 49 10 41 82 47 82 71 73 7 100 22 48 54 63
79 5 27 39 100 27 84 6 18 38 70 32 25 33 93 62 75 93 23 15 74 69 48 45 41 6 96 14 5 1
77 83 5 55 73 5 33 56 10 50 46 32 33 22 64 78 35 90 70 57 4 96 25 3 92 17 61 87 30 65
40 58 100 44 64 24 100 97 32 62 98 77 93 31 98 8 60 32 98 29 88 53 76 64 56 67 80 68 6 61
32 45 19 83 40 34 7 40 30 38 1 80 14 93 62 63 52 21 94 49 49 33 54 77 96 61 43 27 28 48
39 11 44 9 94 84 43 100 75 24 89 75 3 2 19 64 64 22 84 9 71 85 41 76 61 88 36 55 66 63
55 4 73 98 13 66 33 7 17 7 30 5 33 33 58 51 96 73 73 32 81 95 16 73 70 76 60 57 30 25
19 36 81 43 34 93 61 66 51 77 73 80 34 5 12 43 8 60 16 32 91 48 26 58 21 47 33 80 3 14
57 73 50 37 15 35 29 27 52 79 56 24 10 89 81 74 83 40 33 98 71 75 46 48 32 18 46 16 97 100
81 53 72 82 89 38 16 69 65 68 99 20 43 61 60 75 34 94 14 66 44 36 40 89 83 71 58 80 38 54
79 18 59 2 100 47 92 15 68 8 34 18 79 77 78 90 3 11 83 17 28 26 52 67 66 87 89 23 18 26
77 97 96 35 50 95 33 41 9 52 48 95 70 26 23 99 15 25 10 98 41 37 75 45 56 41 83 96 63 100
74 91 48 69 77 98 15 62 90 75 13 38 69 34 15 91 33 82 16 94 31 8 82 5 4 89 45 38 37 60
90 62 50 37 30 79 86 96 40 76 70 52 65 39 38 79 81 22 12 48 15 42 56 48 99 11 37 95 49 73
54 38 34 56 26 15 34 12 62 73 87 31 76 51 69 65 81 2 86 93 49 52 86 56 100 84 67 36 79 67
60 84 56 45 39 81 11 24 44 72 48 30 2 76 32 23 40 65 24 26 9 24 77 94 80 76 30 46 63 60
64 74 43 19 70 34 51 80 9 95 3 57 76 57 32 60 31 23 76 54 48 84 77 77 29 8 4 10 53 19
69 68 92 64 86 62 49 89 93 57 35 48 65 62 4 96 21 34 71 48 39 18 31 67 46 12 75 50 73 79
68 94 47 11 57 84 72 57 24 17 13 58 64 78 20 67 25 92 52 95 40 42 65 22 8 10 85 34 11 58
13 30 51 11 41 59 46 64 15 70 80 27 79 43 56 98 61 81 42 64 27 81 5 91 54 65 53 39 98 63
48 62 93 98 24 33 8 70 96 22 39 28 100 17 22 56 67 35 88 60 98 14 40 55 57 45 19 9 35 68
23 82 30 15 31 53 99 38 74 47 11 64 74 11 81 47 18 99 81 57 58 31 22 49 85 78 45 55 38 80
22 61 61 3 27 44 56 26 33 29 72 44 93 97 6 25 43 23 75 76 31 84 6 52 84 42 30 28 96 19
7 17 79 20 20 6 63 27 83 95 7 54 90 51 2 95 27 44 69 1 71 99 36 76 51 19 17 32 47 64
50 5 81 81 24 52 86 38 30 68 85 36 73 26 87 74 21 65 69 41 18 40 40 53 67 42 24 36 25 70
99 74 26 31 54 2 34 91 91 63 10 75 99 82 53 37 7 25 1 28 65 18 19 56 23 85 49 46 72 73
67 71 47 92 53 52 93 87 43 36 49 52 62 99 86 14 35 44 38 88 71 3 5 89 10 27 26 59 72 97
31 90 19 77 82 24 81 26 10 75 61 10 26 23 9 63 36 43 7 26 82 29 28 87 18 89 65 95 47 89
91 78 78 62 6 59 85 38 37 46 12 49 55 90 71 63 52 59 58 10 84 39 39 63 77 8 51 42 2 50
30 44 79 59 57 36 70 41 74 6 86 85 54 93 74 77 7 78 35 64 39 70 55 29 32 83 36 34 76 89
1 6
3 28
5 1
5 4
5 16
7 5
7 17
9 30
10 26
12 11
12 24
14 30
15 6
15 25
17 24
18 27
21 5
21 12
21 16
22 3
22 6
22 24
23 27
25 17
26 22
27 13
27 28
29 3
29 25
30 1
2 17
3 23
4 17
5 2
5 7
5 23
7 13
8 26
9 22
11 8
12 17
13 24
17 16
18 6
18 10
19 1
20 7
21 4
22 12
22 19
22 21
22 22
23 22
23 25
26 13
26 19
29 12
30 12
30 17
30 30
